experiment_id,run_id,prob_kb_version,iteration,subject,predicate,object,triple_key,observation_count,observation_confidences,functional_predicate,competitor_count,conservative_noisy_or_support,conflict_adjusted_final_confidence,threshold,above_threshold,previous_final_confidence,crossed_threshold_up,crossed_threshold_down,source_ids,source_types,provenance,gold_label,kb_size,status
DEC023_NO_FEEDBACK,train_kb,conservative_noisy_or_conflict_adjusted,3,Auralex Smartphone Max 1,manufactured_by,Auralex,auralex smartphone max 1|manufactured_by|auralex,1,[0.98],True,0,0.735,0.735,0.88,False,0.735,False,False,"[""product_1""]","[""structured""]","[""structured_row:Auralex Smartphone Max 1""]",1,579,candidate
DEC023_NO_FEEDBACK,train_kb,conservative_noisy_or_conflict_adjusted,3,Auralex Smartphone Max 1,belongs_to_category,smartphone,auralex smartphone max 1|belongs_to_category|smartphone,1,[0.98],True,0,0.735,0.735,0.88,False,0.735,False,False,"[""product_1""]","[""structured""]","[""structured_row:Auralex Smartphone Max 1""]",1,579,candidate
DEC023_NO_FEEDBACK,train_kb,conservative_noisy_or_conflict_adjusted,3,Auralex Smartphone Max 1,has_price_usd,249,auralex smartphone max 1|has_price_usd|249,1,[0.98],True,0,0.735,0.735,0.88,False,0.735,False,False,"[""product_1""]","[""structured""]","[""structured_row:Auralex Smartphone Max 1""]",0,579,candidate
DEC023_NO_FEEDBACK,train_kb,conservative_noisy_or_conflict_adjusted,3,Auralex Smartphone Max 1,has_screen_size_inch,14.0,auralex smartphone max 1|has_screen_size_inch|14.0,1,[0.98],True,0,0.735,0.735,0.88,False,0.735,False,False,"[""product_1""]","[""structured""]","[""structured_row:Auralex Smartphone Max 1""]",1,579,candidate
DEC023_NO_FEEDBACK,train_kb,conservative_noisy_or_conflict_adjusted,3,Auralex Smartphone Max 1,has_ram_gb,32,auralex smartphone max 1|has_ram_gb|32,1,[0.98],True,0,0.735,0.735,0.88,False,0.735,False,False,"[""product_1""]","[""structured""]","[""structured_row:Auralex Smartphone Max 1""]",1,579,candidate
DEC023_NO_FEEDBACK,train_kb,conservative_noisy_or_conflict_adjusted,3,Auralex Smartphone Max 1,has_storage_gb,1024,auralex smartphone max 1|has_storage_gb|1024,1,[0.98],True,0,0.735,0.735,0.88,False,0.735,False,False,"[""product_1""]","[""structured""]","[""structured_row:Auralex Smartphone Max 1""]",0,579,candidate
DEC023_NO_FEEDBACK,train_kb,conservative_noisy_or_conflict_adjusted,3,Auralex Smartphone Max 1,has_battery_life_hours,8,auralex smartphone max 1|has_battery_life_hours|8,1,[0.98],True,0,0.735,0.735,0.88,False,0.735,False,False,"[""product_1""]","[""structured""]","[""structured_row:Auralex Smartphone Max 1""]",0,579,candidate
DEC023_NO_FEEDBACK,train_kb,conservative_noisy_or_conflict_adjusted,3,Auralex Smartphone Max 1,has_weight_kg,1.2,auralex smartphone max 1|has_weight_kg|1.2,1,[0.98],True,0,0.735,0.735,0.88,False,0.735,False,False,"[""product_1""]","[""structured""]","[""structured_row:Auralex Smartphone Max 1""]",0,579,candidate
DEC023_NO_FEEDBACK,train_kb,conservative_noisy_or_conflict_adjusted,3,Auralex Smartphone Max 1,has_color,blue,auralex smartphone max 1|has_color|blue,1,[0.98],False,0,0.735,0.735,0.88,False,0.735,False,False,"[""product_1""]","[""structured""]","[""structured_row:Auralex Smartphone Max 1""]",0,579,candidate
DEC023_NO_FEEDBACK,train_kb,conservative_noisy_or_conflict_adjusted,3,Auralex Smartphone Max 1,made_of_material,aluminum,auralex smartphone max 1|made_of_material|aluminum,1,[0.98],True,0,0.735,0.735,0.88,False,0.735,False,False,"[""product_1""]","[""structured""]","[""structured_row:Auralex Smartphone Max 1""]",1,579,candidate
DEC023_NO_FEEDBACK,train_kb,conservative_noisy_or_conflict_adjusted,3,Auralex Smartphone Max 1,target_market_region,US,auralex smartphone max 1|target_market_region|us,1,[0.98],True,0,0.735,0.735,0.88,False,0.735,False,False,"[""product_1""]","[""structured""]","[""structured_row:Auralex Smartphone Max 1""]",0,579,candidate
DEC023_NO_FEEDBACK,train_kb,conservative_noisy_or_conflict_adjusted,3,Auralex Smartphone Max 1,supports_fast_charging,no,auralex smartphone max 1|supports_fast_charging|no,1,[0.98],True,0,0.735,0.735,0.88,False,0.735,False,False,"[""product_1""]","[""structured""]","[""structured_row:Auralex Smartphone Max 1""]",1,579,candidate
DEC023_NO_FEEDBACK,train_kb,conservative_noisy_or_conflict_adjusted,3,Auralex Smartphone Max 1,has_noise_cancellation,no,auralex smartphone max 1|has_noise_cancellation|no,1,[0.98],True,0,0.735,0.735,0.88,False,0.735,False,False,"[""product_1""]","[""structured""]","[""structured_row:Auralex Smartphone Max 1""]",1,579,candidate
DEC023_NO_FEEDBACK,train_kb,conservative_noisy_or_conflict_adjusted,3,TechNova Laptop Air 2,manufactured_by,TechNova,technova laptop air 2|manufactured_by|technova,1,[0.98],True,0,0.735,0.735,0.88,False,0.735,False,False,"[""product_2""]","[""structured""]","[""structured_row:TechNova Laptop Air 2""]",0,579,candidate
DEC023_NO_FEEDBACK,train_kb,conservative_noisy_or_conflict_adjusted,3,TechNova Laptop Air 2,belongs_to_category,laptop,technova laptop air 2|belongs_to_category|laptop,1,[0.98],True,0,0.735,0.735,0.88,False,0.735,False,False,"[""product_2""]","[""structured""]","[""structured_row:TechNova Laptop Air 2""]",1,579,candidate
DEC023_NO_FEEDBACK,train_kb,conservative_noisy_or_conflict_adjusted,3,TechNova Laptop Air 2,has_price_usd,499,technova laptop air 2|has_price_usd|499,1,[0.98],True,0,0.735,0.735,0.88,False,0.735,False,False,"[""product_2""]","[""structured""]","[""structured_row:TechNova Laptop Air 2""]",1,579,candidate
DEC023_NO_FEEDBACK,train_kb,conservative_noisy_or_conflict_adjusted,3,TechNova Laptop Air 2,has_screen_size_inch,15.6,technova laptop air 2|has_screen_size_inch|15.6,1,[0.98],True,0,0.735,0.735,0.88,False,0.735,False,False,"[""product_2""]","[""structured""]","[""structured_row:TechNova Laptop Air 2""]",1,579,candidate
DEC023_NO_FEEDBACK,train_kb,conservative_noisy_or_conflict_adjusted,3,TechNova Laptop Air 2,has_ram_gb,4,technova laptop air 2|has_ram_gb|4,1,[0.98],True,0,0.735,0.735,0.88,False,0.735,False,False,"[""product_2""]","[""structured""]","[""structured_row:TechNova Laptop Air 2""]",1,579,candidate
DEC023_NO_FEEDBACK,train_kb,conservative_noisy_or_conflict_adjusted,3,TechNova Laptop Air 2,has_storage_gb,128,technova laptop air 2|has_storage_gb|128,1,[0.98],True,0,0.735,0.735,0.88,False,0.735,False,False,"[""product_2""]","[""structured""]","[""structured_row:TechNova Laptop Air 2""]",1,579,candidate
DEC023_NO_FEEDBACK,train_kb,conservative_noisy_or_conflict_adjusted,3,TechNova Laptop Air 2,has_battery_life_hours,20,technova laptop air 2|has_battery_life_hours|20,1,[0.98],True,0,0.735,0.735,0.88,False,0.735,False,False,"[""product_2""]","[""structured""]","[""structured_row:TechNova Laptop Air 2""]",0,579,candidate
DEC023_NO_FEEDBACK,train_kb,conservative_noisy_or_conflict_adjusted,3,TechNova Laptop Air 2,has_weight_kg,0.55,technova laptop air 2|has_weight_kg|0.55,1,[0.98],True,0,0.735,0.735,0.88,False,0.735,False,False,"[""product_2""]","[""structured""]","[""structured_row:TechNova Laptop Air 2""]",0,579,candidate
DEC023_NO_FEEDBACK,train_kb,conservative_noisy_or_conflict_adjusted,3,TechNova Laptop Air 2,has_color,green,technova laptop air 2|has_color|green,1,[0.98],False,0,0.735,0.735,0.88,False,0.735,False,False,"[""product_2""]","[""structured""]","[""structured_row:TechNova Laptop Air 2""]",1,579,candidate
DEC023_NO_FEEDBACK,train_kb,conservative_noisy_or_conflict_adjusted,3,TechNova Laptop Air 2,made_of_material,plastic,technova laptop air 2|made_of_material|plastic,1,[0.98],True,0,0.735,0.735,0.88,False,0.735,False,False,"[""product_2""]","[""structured""]","[""structured_row:TechNova Laptop Air 2""]",0,579,candidate
DEC023_NO_FEEDBACK,train_kb,conservative_noisy_or_conflict_adjusted,3,TechNova Laptop Air 2,target_market_region,US,technova laptop air 2|target_market_region|us,1,[0.98],True,0,0.735,0.735,0.88,False,0.735,False,False,"[""product_2""]","[""structured""]","[""structured_row:TechNova Laptop Air 2""]",1,579,candidate
DEC023_NO_FEEDBACK,train_kb,conservative_noisy_or_conflict_adjusted,3,TechNova Laptop Air 2,supports_fast_charging,no,technova laptop air 2|supports_fast_charging|no,1,[0.98],True,0,0.735,0.735,0.88,False,0.735,False,False,"[""product_2""]","[""structured""]","[""structured_row:TechNova Laptop Air 2""]",0,579,candidate
DEC023_NO_FEEDBACK,train_kb,conservative_noisy_or_conflict_adjusted,3,TechNova Laptop Air 2,has_noise_cancellation,no,technova laptop air 2|has_noise_cancellation|no,1,[0.98],True,0,0.735,0.735,0.88,False,0.735,False,False,"[""product_2""]","[""structured""]","[""structured_row:TechNova Laptop Air 2""]",0,579,candidate
DEC023_NO_FEEDBACK,train_kb,conservative_noisy_or_conflict_adjusted,3,laptop device,has_price_usd,499,laptop device|has_price_usd|499,1,[0.91],True,1,0.6825,0.34125,0.88,False,0.34125,False,False,"[""product_2""]","[""unstructured""]","[""It is a laptop device. Priced at 499 USD. The display measures 15.6 inches. Comes with 4GB of RAM. Offers 128GB of internal storage. Available in green. Targeted at the US market.""]",0,579,candidate
DEC023_NO_FEEDBACK,train_kb,conservative_noisy_or_conflict_adjusted,3,laptop device,has_screen_size_inch,15.6,laptop device|has_screen_size_inch|15.6,1,[0.91],True,0,0.6825,0.6825,0.88,False,0.6825,False,False,"[""product_2""]","[""unstructured""]","[""It is a laptop device. Priced at 499 USD. The display measures 15.6 inches. Comes with 4GB of RAM. Offers 128GB of internal storage. Available in green. Targeted at the US market.""]",0,579,candidate
DEC023_NO_FEEDBACK,train_kb,conservative_noisy_or_conflict_adjusted,3,laptop device,has_ram_gb,4,laptop device|has_ram_gb|4,1,[0.91],True,0,0.6825,0.6825,0.88,False,0.6825,False,False,"[""product_2""]","[""unstructured""]","[""It is a laptop device. Priced at 499 USD. The display measures 15.6 inches. Comes with 4GB of RAM. Offers 128GB of internal storage. Available in green. Targeted at the US market.""]",0,579,candidate
DEC023_NO_FEEDBACK,train_kb,conservative_noisy_or_conflict_adjusted,3,laptop device,has_storage_gb,128,laptop device|has_storage_gb|128,1,[0.91],True,0,0.6825,0.6825,0.88,False,0.6825,False,False,"[""product_2""]","[""unstructured""]","[""It is a laptop device. Priced at 499 USD. The display measures 15.6 inches. Comes with 4GB of RAM. Offers 128GB of internal storage. Available in green. Targeted at the US market.""]",0,579,candidate
DEC023_NO_FEEDBACK,train_kb,conservative_noisy_or_conflict_adjusted,3,laptop device,has_color,green,laptop device|has_color|green,2,"[0.91, 0.9]",False,0,0.8968125,0.8968125,0.88,True,0.8968125,False,False,"[""product_2"", ""product_9""]","[""unstructured"", ""unstructured""]","[""It is a laptop device. Priced at 499 USD. The display measures 15.6 inches. Comes with 4GB of RAM. Offers 128GB of internal storage. Available in green. Targeted at the US market."", ""It is a laptop device. Priced at 199 USD. Weighs approximately 0.18kg. Available in green. Built with aluminum construction. Targeted at the APAC market. Fast charging is yes.""]",0,579,candidate
DEC023_NO_FEEDBACK,train_kb,conservative_noisy_or_conflict_adjusted,3,laptop device,target_market_region,US,laptop device|target_market_region|us,1,[0.91],True,1,0.6825,0.34125,0.88,False,0.34125,False,False,"[""product_2""]","[""unstructured""]","[""It is a laptop device. Priced at 499 USD. The display measures 15.6 inches. Comes with 4GB of RAM. Offers 128GB of internal storage. Available in green. Targeted at the US market.""]",0,579,candidate
DEC023_NO_FEEDBACK,train_kb,conservative_noisy_or_conflict_adjusted,3,Auralex Headphones Air 8,manufactured_by,Auralex,auralex headphones air 8|manufactured_by|auralex,1,[0.98],True,0,0.735,0.735,0.88,False,0.735,False,False,"[""product_8""]","[""structured""]","[""structured_row:Auralex Headphones Air 8""]",0,579,candidate
DEC023_NO_FEEDBACK,train_kb,conservative_noisy_or_conflict_adjusted,3,Auralex Headphones Air 8,belongs_to_category,headphones,auralex headphones air 8|belongs_to_category|headphones,1,[0.98],True,0,0.735,0.735,0.88,False,0.735,False,False,"[""product_8""]","[""structured""]","[""structured_row:Auralex Headphones Air 8""]",0,579,candidate
DEC023_NO_FEEDBACK,train_kb,conservative_noisy_or_conflict_adjusted,3,Auralex Headphones Air 8,has_price_usd,199,auralex headphones air 8|has_price_usd|199,1,[0.98],True,0,0.735,0.735,0.88,False,0.735,False,False,"[""product_8""]","[""structured""]","[""structured_row:Auralex Headphones Air 8""]",1,579,candidate
DEC023_NO_FEEDBACK,train_kb,conservative_noisy_or_conflict_adjusted,3,Auralex Headphones Air 8,has_screen_size_inch,14.0,auralex headphones air 8|has_screen_size_inch|14.0,1,[0.98],True,0,0.735,0.735,0.88,False,0.735,False,False,"[""product_8""]","[""structured""]","[""structured_row:Auralex Headphones Air 8""]",1,579,candidate
DEC023_NO_FEEDBACK,train_kb,conservative_noisy_or_conflict_adjusted,3,Auralex Headphones Air 8,has_ram_gb,32,auralex headphones air 8|has_ram_gb|32,1,[0.98],True,0,0.735,0.735,0.88,False,0.735,False,False,"[""product_8""]","[""structured""]","[""structured_row:Auralex Headphones Air 8""]",1,579,candidate
DEC023_NO_FEEDBACK,train_kb,conservative_noisy_or_conflict_adjusted,3,Auralex Headphones Air 8,has_storage_gb,256,auralex headphones air 8|has_storage_gb|256,1,[0.98],True,0,0.735,0.735,0.88,False,0.735,False,False,"[""product_8""]","[""structured""]","[""structured_row:Auralex Headphones Air 8""]",0,579,candidate
DEC023_NO_FEEDBACK,train_kb,conservative_noisy_or_conflict_adjusted,3,Auralex Headphones Air 8,has_battery_life_hours,18,auralex headphones air 8|has_battery_life_hours|18,1,[0.98],True,0,0.735,0.735,0.88,False,0.735,False,False,"[""product_8""]","[""structured""]","[""structured_row:Auralex Headphones Air 8""]",0,579,candidate
DEC023_NO_FEEDBACK,train_kb,conservative_noisy_or_conflict_adjusted,3,Auralex Headphones Air 8,has_weight_kg,1.8,auralex headphones air 8|has_weight_kg|1.8,1,[0.98],True,0,0.735,0.735,0.88,False,0.735,False,False,"[""product_8""]","[""structured""]","[""structured_row:Auralex Headphones Air 8""]",1,579,candidate
DEC023_NO_FEEDBACK,train_kb,conservative_noisy_or_conflict_adjusted,3,Auralex Headphones Air 8,has_color,blue,auralex headphones air 8|has_color|blue,1,[0.98],False,0,0.735,0.735,0.88,False,0.735,False,False,"[""product_8""]","[""structured""]","[""structured_row:Auralex Headphones Air 8""]",1,579,candidate
DEC023_NO_FEEDBACK,train_kb,conservative_noisy_or_conflict_adjusted,3,Auralex Headphones Air 8,made_of_material,plastic,auralex headphones air 8|made_of_material|plastic,1,[0.98],True,0,0.735,0.735,0.88,False,0.735,False,False,"[""product_8""]","[""structured""]","[""structured_row:Auralex Headphones Air 8""]",0,579,candidate
DEC023_NO_FEEDBACK,train_kb,conservative_noisy_or_conflict_adjusted,3,Auralex Headphones Air 8,target_market_region,US,auralex headphones air 8|target_market_region|us,1,[0.98],True,0,0.735,0.735,0.88,False,0.735,False,False,"[""product_8""]","[""structured""]","[""structured_row:Auralex Headphones Air 8""]",1,579,candidate
DEC023_NO_FEEDBACK,train_kb,conservative_noisy_or_conflict_adjusted,3,Auralex Headphones Air 8,supports_fast_charging,yes,auralex headphones air 8|supports_fast_charging|yes,1,[0.98],True,0,0.735,0.735,0.88,False,0.735,False,False,"[""product_8""]","[""structured""]","[""structured_row:Auralex Headphones Air 8""]",0,579,candidate
DEC023_NO_FEEDBACK,train_kb,conservative_noisy_or_conflict_adjusted,3,Auralex Headphones Air 8,has_noise_cancellation,yes,auralex headphones air 8|has_noise_cancellation|yes,1,[0.98],True,0,0.735,0.735,0.88,False,0.735,False,False,"[""product_8""]","[""structured""]","[""structured_row:Auralex Headphones Air 8""]",1,579,candidate
DEC023_NO_FEEDBACK,train_kb,conservative_noisy_or_conflict_adjusted,3,TechNova Smartphone Pro 1,has_price_usd,199,technova smartphone pro 1|has_price_usd|199,3,"[0.91, 0.9, 0.91]",True,2,0.96723796875,0.32241265625,0.88,False,0.2989375,False,False,"[""product_8"", ""product_8"", ""product_8""]","[""unstructured"", ""unstructured"", ""unstructured""]","[""Priced at 199 USD. The display measures 14.0 inches. Comes with 32GB of RAM. Weighs approximately 1.8kg. Available in blue. Targeted at the US market. Noise cancellation: yes."", ""Priced at 199 USD. The display measures 14.0 inches. Comes with 32GB of RAM. Weighs approximately 1.8kg. Available in blue. Targeted at the US market. Noise cancellation: yes."", ""Priced at 199 USD. The display measures 14.0 inches. Comes with 32GB of RAM. Weighs approximately 1.8kg. Available in blue. Targeted at the US market. Noise cancellation: yes.""]",0,579,candidate
DEC023_NO_FEEDBACK,train_kb,conservative_noisy_or_conflict_adjusted,3,TechNova Smartphone Pro 1,has_screen_size_inch,14.0,technova smartphone pro 1|has_screen_size_inch|14.0,3,"[0.91, 0.9, 0.91]",True,4,0.96723796875,0.19344759375,0.88,False,0.1793625,False,False,"[""product_8"", ""product_8"", ""product_8""]","[""unstructured"", ""unstructured"", ""unstructured""]","[""Priced at 199 USD. The display measures 14.0 inches. Comes with 32GB of RAM. Weighs approximately 1.8kg. Available in blue. Targeted at the US market. Noise cancellation: yes."", ""Priced at 199 USD. The display measures 14.0 inches. Comes with 32GB of RAM. Weighs approximately 1.8kg. Available in blue. Targeted at the US market. Noise cancellation: yes."", ""Priced at 199 USD. The display measures 14.0 inches. Comes with 32GB of RAM. Weighs approximately 1.8kg. Available in blue. Targeted at the US market. Noise cancellation: yes.""]",0,579,candidate
DEC023_NO_FEEDBACK,train_kb,conservative_noisy_or_conflict_adjusted,3,TechNova Smartphone Pro 1,has_ram_gb,32,technova smartphone pro 1|has_ram_gb|32,4,"[0.91, 0.9, 0.9, 0.91]",True,2,0.98935233984375,0.32978411328125,0.88,False,0.32215468750000004,False,False,"[""product_8"", ""product_8"", ""product_50"", ""product_8""]","[""unstructured"", ""unstructured"", ""unstructured"", ""unstructured""]","[""Priced at 199 USD. The display measures 14.0 inches. Comes with 32GB of RAM. Weighs approximately 1.8kg. Available in blue. Targeted at the US market. Noise cancellation: yes."", ""Priced at 199 USD. The display measures 14.0 inches. Comes with 32GB of RAM. Weighs approximately 1.8kg. Available in blue. Targeted at the US market. Noise cancellation: yes."", ""It is a headphones device. Comes with 32GB of RAM. Offers 512GB of internal storage. Battery lasts up to 12 hours. Weighs approximately 1.45kg. Targeted at the EU market. Fast charging is no."", ""Priced at 199 USD. The display measures 14.0 inches. Comes with 32GB of RAM. Weighs approximately 1.8kg. Available in blue. Targeted at the US market. Noise cancellation: yes.""]",0,579,candidate
DEC023_NO_FEEDBACK,train_kb,conservative_noisy_or_conflict_adjusted,3,TechNova Smartphone Pro 1,has_weight_kg,1.8,technova smartphone pro 1|has_weight_kg|1.8,5,"[0.91, 0.9, 0.91, 0.9, 0.91]",True,2,0.9966193679003906,0.3322064559667969,0.88,False,0.32978411328125,False,False,"[""product_8"", ""product_8"", ""product_28"", ""product_43"", ""product_8""]","[""unstructured"", ""unstructured"", ""unstructured"", ""unstructured"", ""unstructured""]","[""Priced at 199 USD. The display measures 14.0 inches. Comes with 32GB of RAM. Weighs approximately 1.8kg. Available in blue. Targeted at the US market. Noise cancellation: yes."", ""Priced at 199 USD. The display measures 14.0 inches. Comes with 32GB of RAM. Weighs approximately 1.8kg. Available in blue. Targeted at the US market. Noise cancellation: yes."", ""The display measures 6.1 inches. Battery lasts up to 18 hours. Weighs approximately 1.8kg. Available in blue. Built with aluminum construction. Targeted at the US market. Fast charging is yes."", ""TechNova Smartphone Pro 43 is manufactured by TechNova. It is a smartphone device. The display measures 13.3 inches. Comes with 8GB of RAM. Weighs approximately 1.8kg. Available in green. Built with aluminum construction."", ""Priced at 199 USD. The display measures 14.0 inches. Comes with 32GB of RAM. Weighs approximately 1.8kg. Available in blue. Targeted at the US market. Noise cancellation: yes.""]",0,579,candidate
DEC023_NO_FEEDBACK,train_kb,conservative_noisy_or_conflict_adjusted,3,TechNova Smartphone Pro 1,has_color,blue,technova smartphone pro 1|has_color|blue,6,"[0.91, 0.9, 0.91, 0.91, 0.91, 0.91]",False,2,0.9989514189397193,0.9989514189397193,0.88,True,0.989598055078125,False,False,"[""product_8"", ""product_8"", ""product_19"", ""product_28"", ""product_8"", ""product_19""]","[""unstructured"", ""unstructured"", ""unstructured"", ""unstructured"", ""unstructured"", ""unstructured""]","[""Priced at 199 USD. The display measures 14.0 inches. Comes with 32GB of RAM. Weighs approximately 1.8kg. Available in blue. Targeted at the US market. Noise cancellation: yes."", ""Priced at 199 USD. The display measures 14.0 inches. Comes with 32GB of RAM. Weighs approximately 1.8kg. Available in blue. Targeted at the US market. Noise cancellation: yes."", ""Priced at 299 USD. The display measures 10.9 inches. Comes with 8GB of RAM. Weighs approximately 1.45kg. Available in blue. Targeted at the EU market. Fast charging is no."", ""The display measures 6.1 inches. Battery lasts up to 18 hours. Weighs approximately 1.8kg. Available in blue. Built with aluminum construction. Targeted at the US market. Fast charging is yes."", ""Priced at 199 USD. The display measures 14.0 inches. Comes with 32GB of RAM. Weighs approximately 1.8kg. Available in blue. Targeted at the US market. Noise cancellation: yes."", ""Priced at 299 USD. The display measures 10.9 inches. Comes with 8GB of RAM. Weighs approximately 1.45kg. Available in blue. Targeted at the EU market. Fast charging is no.""]",0,579,candidate
DEC023_NO_FEEDBACK,train_kb,conservative_noisy_or_conflict_adjusted,3,TechNova Smartphone Pro 1,target_market_region,US,technova smartphone pro 1|target_market_region|us,9,"[0.91, 0.91, 0.9, 0.91, 0.91, 0.91, 0.91, 0.91, 0.91]",True,1,0.9999664391309687,0.49998321956548436,0.88,False,0.49947570946985964,False,False,"[""product_8"", ""product_23"", ""product_8"", ""product_22"", ""product_23"", ""product_28"", ""product_8"", ""product_22"", ""product_23""]","[""unstructured"", ""unstructured"", ""unstructured"", ""unstructured"", ""unstructured"", ""unstructured"", ""unstructured"", ""unstructured"", ""unstructured""]","[""Priced at 199 USD. The display measures 14.0 inches. Comes with 32GB of RAM. Weighs approximately 1.8kg. Available in blue. Targeted at the US market. Noise cancellation: yes."", ""It is a smartphone device. Comes with 8GB of RAM. Offers 128GB of internal storage. Battery lasts up to 10 hours. Weighs approximately 0.18kg. Targeted at the US market. Fast charging is yes."", ""Priced at 199 USD. The display measures 14.0 inches. Comes with 32GB of RAM. Weighs approximately 1.8kg. Available in blue. Targeted at the US market. Noise cancellation: yes."", ""Priced at 299 USD. The display measures 15.6 inches. Comes with 6GB of RAM. Battery lasts up to 8 hours. Targeted at the US market. Fast charging is no. Noise cancellation: no."", ""It is a smartphone device. Comes with 8GB of RAM. Offers 128GB of internal storage. Battery lasts up to 10 hours. Weighs approximately 0.18kg. Targeted at the US market. Fast charging is yes."", ""The display measures 6.1 inches. Battery lasts up to 18 hours. Weighs approximately 1.8kg. Available in blue. Built with aluminum construction. Targeted at the US market. Fast charging is yes."", ""Priced at 199 USD. The display measures 14.0 inches. Comes with 32GB of RAM. Weighs approximately 1.8kg. Available in blue. Targeted at the US market. Noise cancellation: yes."", ""Priced at 299 USD. The display measures 15.6 inches. Comes with 6GB of RAM. Battery lasts up to 8 hours. Targeted at the US market. Fast charging is no. Noise cancellation: no."", ""It is a smartphone device. Comes with 8GB of RAM. Offers 128GB of internal storage. Battery lasts up to 10 hours. Weighs approximately 0.18kg. Targeted at the US market. Fast charging is yes.""]",0,579,candidate
DEC023_NO_FEEDBACK,train_kb,conservative_noisy_or_conflict_adjusted,3,Zenbyte Laptop Air 9,manufactured_by,Zenbyte,zenbyte laptop air 9|manufactured_by|zenbyte,1,[0.98],True,0,0.735,0.735,0.88,False,0.735,False,False,"[""product_9""]","[""structured""]","[""structured_row:Zenbyte Laptop Air 9""]",0,579,candidate
DEC023_NO_FEEDBACK,train_kb,conservative_noisy_or_conflict_adjusted,3,Zenbyte Laptop Air 9,belongs_to_category,laptop,zenbyte laptop air 9|belongs_to_category|laptop,1,[0.98],True,0,0.735,0.735,0.88,False,0.735,False,False,"[""product_9""]","[""structured""]","[""structured_row:Zenbyte Laptop Air 9""]",1,579,candidate
DEC023_NO_FEEDBACK,train_kb,conservative_noisy_or_conflict_adjusted,3,Zenbyte Laptop Air 9,has_price_usd,199,zenbyte laptop air 9|has_price_usd|199,1,[0.98],True,0,0.735,0.735,0.88,False,0.735,False,False,"[""product_9""]","[""structured""]","[""structured_row:Zenbyte Laptop Air 9""]",1,579,candidate
DEC023_NO_FEEDBACK,train_kb,conservative_noisy_or_conflict_adjusted,3,Zenbyte Laptop Air 9,has_screen_size_inch,6.1,zenbyte laptop air 9|has_screen_size_inch|6.1,1,[0.98],True,0,0.735,0.735,0.88,False,0.735,False,False,"[""product_9""]","[""structured""]","[""structured_row:Zenbyte Laptop Air 9""]",0,579,candidate
DEC023_NO_FEEDBACK,train_kb,conservative_noisy_or_conflict_adjusted,3,Zenbyte Laptop Air 9,has_ram_gb,8,zenbyte laptop air 9|has_ram_gb|8,1,[0.98],True,0,0.735,0.735,0.88,False,0.735,False,False,"[""product_9""]","[""structured""]","[""structured_row:Zenbyte Laptop Air 9""]",0,579,candidate
DEC023_NO_FEEDBACK,train_kb,conservative_noisy_or_conflict_adjusted,3,Zenbyte Laptop Air 9,has_storage_gb,256,zenbyte laptop air 9|has_storage_gb|256,1,[0.98],True,0,0.735,0.735,0.88,False,0.735,False,False,"[""product_9""]","[""structured""]","[""structured_row:Zenbyte Laptop Air 9""]",0,579,candidate
DEC023_NO_FEEDBACK,train_kb,conservative_noisy_or_conflict_adjusted,3,Zenbyte Laptop Air 9,has_battery_life_hours,10,zenbyte laptop air 9|has_battery_life_hours|10,1,[0.98],True,0,0.735,0.735,0.88,False,0.735,False,False,"[""product_9""]","[""structured""]","[""structured_row:Zenbyte Laptop Air 9""]",0,579,candidate
DEC023_NO_FEEDBACK,train_kb,conservative_noisy_or_conflict_adjusted,3,Zenbyte Laptop Air 9,has_weight_kg,0.18,zenbyte laptop air 9|has_weight_kg|0.18,1,[0.98],True,0,0.735,0.735,0.88,False,0.735,False,False,"[""product_9""]","[""structured""]","[""structured_row:Zenbyte Laptop Air 9""]",1,579,candidate
DEC023_NO_FEEDBACK,train_kb,conservative_noisy_or_conflict_adjusted,3,Zenbyte Laptop Air 9,has_color,green,zenbyte laptop air 9|has_color|green,1,[0.98],False,0,0.735,0.735,0.88,False,0.735,False,False,"[""product_9""]","[""structured""]","[""structured_row:Zenbyte Laptop Air 9""]",1,579,candidate
DEC023_NO_FEEDBACK,train_kb,conservative_noisy_or_conflict_adjusted,3,Zenbyte Laptop Air 9,made_of_material,aluminum,zenbyte laptop air 9|made_of_material|aluminum,1,[0.98],True,0,0.735,0.735,0.88,False,0.735,False,False,"[""product_9""]","[""structured""]","[""structured_row:Zenbyte Laptop Air 9""]",1,579,candidate
DEC023_NO_FEEDBACK,train_kb,conservative_noisy_or_conflict_adjusted,3,Zenbyte Laptop Air 9,target_market_region,APAC,zenbyte laptop air 9|target_market_region|apac,1,[0.98],True,0,0.735,0.735,0.88,False,0.735,False,False,"[""product_9""]","[""structured""]","[""structured_row:Zenbyte Laptop Air 9""]",1,579,candidate
DEC023_NO_FEEDBACK,train_kb,conservative_noisy_or_conflict_adjusted,3,Zenbyte Laptop Air 9,supports_fast_charging,yes,zenbyte laptop air 9|supports_fast_charging|yes,1,[0.98],True,0,0.735,0.735,0.88,False,0.735,False,False,"[""product_9""]","[""structured""]","[""structured_row:Zenbyte Laptop Air 9""]",1,579,candidate
DEC023_NO_FEEDBACK,train_kb,conservative_noisy_or_conflict_adjusted,3,Zenbyte Laptop Air 9,has_noise_cancellation,no,zenbyte laptop air 9|has_noise_cancellation|no,1,[0.98],True,0,0.735,0.735,0.88,False,0.735,False,False,"[""product_9""]","[""structured""]","[""structured_row:Zenbyte Laptop Air 9""]",0,579,candidate
DEC023_NO_FEEDBACK,train_kb,conservative_noisy_or_conflict_adjusted,3,PixelWare Laptop Plus 11,manufactured_by,PixelWare,pixelware laptop plus 11|manufactured_by|pixelware,4,"[0.98, 0.95, 0.95, 0.978]",True,0,0.994162608984375,0.994162608984375,0.88,True,0.97809609375,False,False,"[""product_11"", ""product_11"", ""product_11"", ""product_11""]","[""structured"", ""unstructured"", ""unstructured"", ""unstructured""]","[""structured_row:PixelWare Laptop Plus 11"", ""PixelWare Laptop Plus 11 is manufactured by PixelWare. It is a laptop device. Priced at 1299 USD. The display measures 6.7 inches. Offers 128GB of internal storage. Fast charging is yes. Noise cancellation: no."", ""PixelWare Laptop Plus 11 is manufactured by PixelWare. It is a laptop device. Priced at 1299 USD. The display measures 6.7 inches. Offers 128GB of internal storage. Fast charging is yes. Noise cancellation: no."", ""PixelWare Laptop Plus 11 is manufactured by PixelWare. It is a laptop device. Priced at 1299 USD. The display measures 6.7 inches. Offers 128GB of internal storage. Fast charging is yes. Noise cancellation: no.""]",1,579,candidate
DEC023_NO_FEEDBACK,train_kb,conservative_noisy_or_conflict_adjusted,3,PixelWare Laptop Plus 11,belongs_to_category,laptop,pixelware laptop plus 11|belongs_to_category|laptop,1,[0.98],True,0,0.735,0.735,0.88,False,0.735,False,False,"[""product_11""]","[""structured""]","[""structured_row:PixelWare Laptop Plus 11""]",1,579,candidate
DEC023_NO_FEEDBACK,train_kb,conservative_noisy_or_conflict_adjusted,3,PixelWare Laptop Plus 11,has_price_usd,1299,pixelware laptop plus 11|has_price_usd|1299,4,"[0.98, 0.92, 0.95, 0.976]",True,0,0.9936703425,0.9936703425,0.88,True,0.976381875,False,False,"[""product_11"", ""product_11"", ""product_11"", ""product_11""]","[""structured"", ""unstructured"", ""unstructured"", ""unstructured""]","[""structured_row:PixelWare Laptop Plus 11"", ""PixelWare Laptop Plus 11 is manufactured by PixelWare. It is a laptop device. Priced at 1299 USD. The display measures 6.7 inches. Offers 128GB of internal storage. Fast charging is yes. Noise cancellation: no."", ""PixelWare Laptop Plus 11 is manufactured by PixelWare. It is a laptop device. Priced at 1299 USD. The display measures 6.7 inches. Offers 128GB of internal storage. Fast charging is yes. Noise cancellation: no."", ""PixelWare Laptop Plus 11 is manufactured by PixelWare. It is a laptop device. Priced at 1299 USD. The display measures 6.7 inches. Offers 128GB of internal storage. Fast charging is yes. Noise cancellation: no.""]",1,579,candidate
DEC023_NO_FEEDBACK,train_kb,conservative_noisy_or_conflict_adjusted,3,PixelWare Laptop Plus 11,has_screen_size_inch,6.7,pixelware laptop plus 11|has_screen_size_inch|6.7,4,"[0.98, 0.93, 0.95, 0.977]",True,0,0.9938407644140625,0.9938407644140625,0.88,True,0.97695328125,False,False,"[""product_11"", ""product_11"", ""product_11"", ""product_11""]","[""structured"", ""unstructured"", ""unstructured"", ""unstructured""]","[""structured_row:PixelWare Laptop Plus 11"", ""PixelWare Laptop Plus 11 is manufactured by PixelWare. It is a laptop device. Priced at 1299 USD. The display measures 6.7 inches. Offers 128GB of internal storage. Fast charging is yes. Noise cancellation: no."", ""PixelWare Laptop Plus 11 is manufactured by PixelWare. It is a laptop device. Priced at 1299 USD. The display measures 6.7 inches. Offers 128GB of internal storage. Fast charging is yes. Noise cancellation: no."", ""PixelWare Laptop Plus 11 is manufactured by PixelWare. It is a laptop device. Priced at 1299 USD. The display measures 6.7 inches. Offers 128GB of internal storage. Fast charging is yes. Noise cancellation: no.""]",1,579,candidate
DEC023_NO_FEEDBACK,train_kb,conservative_noisy_or_conflict_adjusted,3,PixelWare Laptop Plus 11,has_ram_gb,16,pixelware laptop plus 11|has_ram_gb|16,1,[0.98],True,0,0.735,0.735,0.88,False,0.735,False,False,"[""product_11""]","[""structured""]","[""structured_row:PixelWare Laptop Plus 11""]",0,579,candidate
DEC023_NO_FEEDBACK,train_kb,conservative_noisy_or_conflict_adjusted,3,PixelWare Laptop Plus 11,has_storage_gb,128,pixelware laptop plus 11|has_storage_gb|128,4,"[0.98, 0.91, 0.95, 0.976]",True,0,0.993517205625,0.993517205625,0.88,True,0.97581046875,False,False,"[""product_11"", ""product_11"", ""product_11"", ""product_11""]","[""structured"", ""unstructured"", ""unstructured"", ""unstructured""]","[""structured_row:PixelWare Laptop Plus 11"", ""PixelWare Laptop Plus 11 is manufactured by PixelWare. It is a laptop device. Priced at 1299 USD. The display measures 6.7 inches. Offers 128GB of internal storage. Fast charging is yes. Noise cancellation: no."", ""PixelWare Laptop Plus 11 is manufactured by PixelWare. It is a laptop device. Priced at 1299 USD. The display measures 6.7 inches. Offers 128GB of internal storage. Fast charging is yes. Noise cancellation: no."", ""PixelWare Laptop Plus 11 is manufactured by PixelWare. It is a laptop device. Priced at 1299 USD. The display measures 6.7 inches. Offers 128GB of internal storage. Fast charging is yes. Noise cancellation: no.""]",1,579,candidate
DEC023_NO_FEEDBACK,train_kb,conservative_noisy_or_conflict_adjusted,3,PixelWare Laptop Plus 11,has_battery_life_hours,8,pixelware laptop plus 11|has_battery_life_hours|8,1,[0.98],True,0,0.735,0.735,0.88,False,0.735,False,False,"[""product_11""]","[""structured""]","[""structured_row:PixelWare Laptop Plus 11""]",0,579,candidate
DEC023_NO_FEEDBACK,train_kb,conservative_noisy_or_conflict_adjusted,3,PixelWare Laptop Plus 11,has_weight_kg,0.18,pixelware laptop plus 11|has_weight_kg|0.18,1,[0.98],True,0,0.735,0.735,0.88,False,0.735,False,False,"[""product_11""]","[""structured""]","[""structured_row:PixelWare Laptop Plus 11""]",0,579,candidate
DEC023_NO_FEEDBACK,train_kb,conservative_noisy_or_conflict_adjusted,3,PixelWare Laptop Plus 11,has_color,black,pixelware laptop plus 11|has_color|black,1,[0.98],False,0,0.735,0.735,0.88,False,0.735,False,False,"[""product_11""]","[""structured""]","[""structured_row:PixelWare Laptop Plus 11""]",0,579,candidate
DEC023_NO_FEEDBACK,train_kb,conservative_noisy_or_conflict_adjusted,3,PixelWare Laptop Plus 11,made_of_material,plastic,pixelware laptop plus 11|made_of_material|plastic,1,[0.98],True,0,0.735,0.735,0.88,False,0.735,False,False,"[""product_11""]","[""structured""]","[""structured_row:PixelWare Laptop Plus 11""]",0,579,candidate
DEC023_NO_FEEDBACK,train_kb,conservative_noisy_or_conflict_adjusted,3,PixelWare Laptop Plus 11,target_market_region,EU,pixelware laptop plus 11|target_market_region|eu,1,[0.98],True,0,0.735,0.735,0.88,False,0.735,False,False,"[""product_11""]","[""structured""]","[""structured_row:PixelWare Laptop Plus 11""]",0,579,candidate
DEC023_NO_FEEDBACK,train_kb,conservative_noisy_or_conflict_adjusted,3,PixelWare Laptop Plus 11,supports_fast_charging,yes,pixelware laptop plus 11|supports_fast_charging|yes,4,"[0.98, 0.9, 0.95, 0.976]",True,0,0.99336406875,0.99336406875,0.88,True,0.9752390625,False,False,"[""product_11"", ""product_11"", ""product_11"", ""product_11""]","[""structured"", ""unstructured"", ""unstructured"", ""unstructured""]","[""structured_row:PixelWare Laptop Plus 11"", ""PixelWare Laptop Plus 11 is manufactured by PixelWare. It is a laptop device. Priced at 1299 USD. The display measures 6.7 inches. Offers 128GB of internal storage. Fast charging is yes. Noise cancellation: no."", ""PixelWare Laptop Plus 11 is manufactured by PixelWare. It is a laptop device. Priced at 1299 USD. The display measures 6.7 inches. Offers 128GB of internal storage. Fast charging is yes. Noise cancellation: no."", ""PixelWare Laptop Plus 11 is manufactured by PixelWare. It is a laptop device. Priced at 1299 USD. The display measures 6.7 inches. Offers 128GB of internal storage. Fast charging is yes. Noise cancellation: no.""]",1,579,candidate
DEC023_NO_FEEDBACK,train_kb,conservative_noisy_or_conflict_adjusted,3,PixelWare Laptop Plus 11,has_noise_cancellation,no,pixelware laptop plus 11|has_noise_cancellation|no,4,"[0.98, 0.88, 0.95, 0.96]",True,0,0.99274695,0.99274695,0.88,True,0.97409625,False,False,"[""product_11"", ""product_11"", ""product_11"", ""product_11""]","[""structured"", ""unstructured"", ""unstructured"", ""unstructured""]","[""structured_row:PixelWare Laptop Plus 11"", ""PixelWare Laptop Plus 11 is manufactured by PixelWare. It is a laptop device. Priced at 1299 USD. The display measures 6.7 inches. Offers 128GB of internal storage. Fast charging is yes. Noise cancellation: no."", ""PixelWare Laptop Plus 11 is manufactured by PixelWare. It is a laptop device. Priced at 1299 USD. The display measures 6.7 inches. Offers 128GB of internal storage. Fast charging is yes. Noise cancellation: no."", ""PixelWare Laptop Plus 11 is manufactured by PixelWare. It is a laptop device. Priced at 1299 USD. The display measures 6.7 inches. Offers 128GB of internal storage. Fast charging is yes. Noise cancellation: no.""]",1,579,candidate
DEC023_NO_FEEDBACK,train_kb,conservative_noisy_or_conflict_adjusted,3,PixelWare Tablet Max 12,manufactured_by,PixelWare,pixelware tablet max 12|manufactured_by|pixelware,3,"[0.98, 0.95, 0.91]",True,0,0.97581046875,0.97581046875,0.88,True,0.9238124999999999,False,False,"[""product_12"", ""product_12"", ""product_12""]","[""structured"", ""unstructured"", ""unstructured""]","[""structured_row:PixelWare Tablet Max 12"", ""PixelWare Tablet Max 12 is manufactured by PixelWare. It is a tablet device. Offers 128GB of internal storage. Battery lasts up to 8 hours. Weighs approximately 0.18kg. Available in green. Fast charging is no."", ""PixelWare Tablet Max 12 is manufactured by PixelWare. It is a tablet device. Offers 128GB of internal storage. Battery lasts up to 8 hours. Weighs approximately 0.18kg. Available in green. Fast charging is no.""]",1,579,candidate
DEC023_NO_FEEDBACK,train_kb,conservative_noisy_or_conflict_adjusted,3,PixelWare Tablet Max 12,belongs_to_category,tablet,pixelware tablet max 12|belongs_to_category|tablet,1,[0.98],True,1,0.735,0.3675,0.88,False,0.3675,False,False,"[""product_12""]","[""structured""]","[""structured_row:PixelWare Tablet Max 12""]",1,579,candidate
DEC023_NO_FEEDBACK,train_kb,conservative_noisy_or_conflict_adjusted,3,PixelWare Tablet Max 12,has_price_usd,1099,pixelware tablet max 12|has_price_usd|1099,1,[0.98],True,0,0.735,0.735,0.88,False,0.735,False,False,"[""product_12""]","[""structured""]","[""structured_row:PixelWare Tablet Max 12""]",0,579,candidate
DEC023_NO_FEEDBACK,train_kb,conservative_noisy_or_conflict_adjusted,3,PixelWare Tablet Max 12,has_screen_size_inch,15.6,pixelware tablet max 12|has_screen_size_inch|15.6,1,[0.98],True,0,0.735,0.735,0.88,False,0.735,False,False,"[""product_12""]","[""structured""]","[""structured_row:PixelWare Tablet Max 12""]",0,579,candidate
DEC023_NO_FEEDBACK,train_kb,conservative_noisy_or_conflict_adjusted,3,PixelWare Tablet Max 12,has_ram_gb,12,pixelware tablet max 12|has_ram_gb|12,1,[0.98],True,0,0.735,0.735,0.88,False,0.735,False,False,"[""product_12""]","[""structured""]","[""structured_row:PixelWare Tablet Max 12""]",0,579,candidate
DEC023_NO_FEEDBACK,train_kb,conservative_noisy_or_conflict_adjusted,3,PixelWare Tablet Max 12,has_storage_gb,128,pixelware tablet max 12|has_storage_gb|128,3,"[0.98, 0.9, 0.91]",True,0,0.9726553125,0.9726553125,0.88,True,0.913875,False,False,"[""product_12"", ""product_12"", ""product_12""]","[""structured"", ""unstructured"", ""unstructured""]","[""structured_row:PixelWare Tablet Max 12"", ""PixelWare Tablet Max 12 is manufactured by PixelWare. It is a tablet device. Offers 128GB of internal storage. Battery lasts up to 8 hours. Weighs approximately 0.18kg. Available in green. Fast charging is no."", ""PixelWare Tablet Max 12 is manufactured by PixelWare. It is a tablet device. Offers 128GB of internal storage. Battery lasts up to 8 hours. Weighs approximately 0.18kg. Available in green. Fast charging is no.""]",1,579,candidate
DEC023_NO_FEEDBACK,train_kb,conservative_noisy_or_conflict_adjusted,3,PixelWare Tablet Max 12,has_battery_life_hours,8,pixelware tablet max 12|has_battery_life_hours|8,3,"[0.98, 0.88, 0.91]",True,0,0.97139325,0.97139325,0.88,True,0.9099,False,False,"[""product_12"", ""product_12"", ""product_12""]","[""structured"", ""unstructured"", ""unstructured""]","[""structured_row:PixelWare Tablet Max 12"", ""PixelWare Tablet Max 12 is manufactured by PixelWare. It is a tablet device. Offers 128GB of internal storage. Battery lasts up to 8 hours. Weighs approximately 0.18kg. Available in green. Fast charging is no."", ""PixelWare Tablet Max 12 is manufactured by PixelWare. It is a tablet device. Offers 128GB of internal storage. Battery lasts up to 8 hours. Weighs approximately 0.18kg. Available in green. Fast charging is no.""]",1,579,candidate
DEC023_NO_FEEDBACK,train_kb,conservative_noisy_or_conflict_adjusted,3,PixelWare Tablet Max 12,has_weight_kg,0.18,pixelware tablet max 12|has_weight_kg|0.18,3,"[0.98, 0.85, 0.91]",True,0,0.96950015625,0.96950015625,0.88,True,0.9039375,False,False,"[""product_12"", ""product_12"", ""product_12""]","[""structured"", ""unstructured"", ""unstructured""]","[""structured_row:PixelWare Tablet Max 12"", ""PixelWare Tablet Max 12 is manufactured by PixelWare. It is a tablet device. Offers 128GB of internal storage. Battery lasts up to 8 hours. Weighs approximately 0.18kg. Available in green. Fast charging is no."", ""PixelWare Tablet Max 12 is manufactured by PixelWare. It is a tablet device. Offers 128GB of internal storage. Battery lasts up to 8 hours. Weighs approximately 0.18kg. Available in green. Fast charging is no.""]",1,579,candidate
DEC023_NO_FEEDBACK,train_kb,conservative_noisy_or_conflict_adjusted,3,PixelWare Tablet Max 12,has_color,green,pixelware tablet max 12|has_color|green,3,"[0.98, 0.8, 0.91]",False,0,0.966345,0.966345,0.88,True,0.894,False,False,"[""product_12"", ""product_12"", ""product_12""]","[""structured"", ""unstructured"", ""unstructured""]","[""structured_row:PixelWare Tablet Max 12"", ""PixelWare Tablet Max 12 is manufactured by PixelWare. It is a tablet device. Offers 128GB of internal storage. Battery lasts up to 8 hours. Weighs approximately 0.18kg. Available in green. Fast charging is no."", ""PixelWare Tablet Max 12 is manufactured by PixelWare. It is a tablet device. Offers 128GB of internal storage. Battery lasts up to 8 hours. Weighs approximately 0.18kg. Available in green. Fast charging is no.""]",1,579,candidate
DEC023_NO_FEEDBACK,train_kb,conservative_noisy_or_conflict_adjusted,3,PixelWare Tablet Max 12,made_of_material,aluminum,pixelware tablet max 12|made_of_material|aluminum,1,[0.98],True,0,0.735,0.735,0.88,False,0.735,False,False,"[""product_12""]","[""structured""]","[""structured_row:PixelWare Tablet Max 12""]",0,579,candidate
DEC023_NO_FEEDBACK,train_kb,conservative_noisy_or_conflict_adjusted,3,PixelWare Tablet Max 12,target_market_region,Global,pixelware tablet max 12|target_market_region|global,1,[0.98],True,0,0.735,0.735,0.88,False,0.735,False,False,"[""product_12""]","[""structured""]","[""structured_row:PixelWare Tablet Max 12""]",0,579,candidate
DEC023_NO_FEEDBACK,train_kb,conservative_noisy_or_conflict_adjusted,3,PixelWare Tablet Max 12,supports_fast_charging,no,pixelware tablet max 12|supports_fast_charging|no,2,"[0.98, 0.91]",True,0,0.9158625,0.9158625,0.88,True,0.735,True,False,"[""product_12"", ""product_12""]","[""structured"", ""unstructured""]","[""structured_row:PixelWare Tablet Max 12"", ""PixelWare Tablet Max 12 is manufactured by PixelWare. It is a tablet device. Offers 128GB of internal storage. Battery lasts up to 8 hours. Weighs approximately 0.18kg. Available in green. Fast charging is no.""]",1,579,candidate
DEC023_NO_FEEDBACK,train_kb,conservative_noisy_or_conflict_adjusted,3,PixelWare Tablet Max 12,has_noise_cancellation,no,pixelware tablet max 12|has_noise_cancellation|no,1,[0.98],True,0,0.735,0.735,0.88,False,0.735,False,False,"[""product_12""]","[""structured""]","[""structured_row:PixelWare Tablet Max 12""]",0,579,candidate
DEC023_NO_FEEDBACK,train_kb,conservative_noisy_or_conflict_adjusted,3,PixelWare Tablet Max 12,belongs_to_category,tablet device,pixelware tablet max 12|belongs_to_category|tablet device,1,[0.92],True,1,0.6900000000000001,0.34500000000000003,0.88,False,0.34500000000000003,False,False,"[""product_12""]","[""unstructured""]","[""PixelWare Tablet Max 12 is manufactured by PixelWare. It is a tablet device. Offers 128GB of internal storage. Battery lasts up to 8 hours. Weighs approximately 0.18kg. Available in green. Fast charging is no.""]",0,579,candidate
DEC023_NO_FEEDBACK,train_kb,conservative_noisy_or_conflict_adjusted,3,TechNova Tablet Max 13,manufactured_by,TechNova,technova tablet max 13|manufactured_by|technova,2,"[0.98, 0.92]",True,0,0.91785,0.91785,0.88,True,0.91785,False,False,"[""product_13"", ""product_13""]","[""structured"", ""unstructured""]","[""structured_row:TechNova Tablet Max 13"", ""TechNova Tablet Max 13 is manufactured by TechNova. It is a tablet device. The display measures 13.3 inches. Weighs approximately 0.23kg. Available in blue. Targeted at the US market. Noise cancellation: no.""]",1,579,candidate
DEC023_NO_FEEDBACK,train_kb,conservative_noisy_or_conflict_adjusted,3,TechNova Tablet Max 13,belongs_to_category,tablet,technova tablet max 13|belongs_to_category|tablet,1,[0.98],True,1,0.735,0.3675,0.88,False,0.3675,False,False,"[""product_13""]","[""structured""]","[""structured_row:TechNova Tablet Max 13""]",1,579,candidate
DEC023_NO_FEEDBACK,train_kb,conservative_noisy_or_conflict_adjusted,3,TechNova Tablet Max 13,has_price_usd,349,technova tablet max 13|has_price_usd|349,1,[0.98],True,0,0.735,0.735,0.88,False,0.735,False,False,"[""product_13""]","[""structured""]","[""structured_row:TechNova Tablet Max 13""]",0,579,candidate
DEC023_NO_FEEDBACK,train_kb,conservative_noisy_or_conflict_adjusted,3,TechNova Tablet Max 13,has_screen_size_inch,13.3,technova tablet max 13|has_screen_size_inch|13.3,2,"[0.98, 0.9]",True,0,0.913875,0.913875,0.88,True,0.913875,False,False,"[""product_13"", ""product_13""]","[""structured"", ""unstructured""]","[""structured_row:TechNova Tablet Max 13"", ""TechNova Tablet Max 13 is manufactured by TechNova. It is a tablet device. The display measures 13.3 inches. Weighs approximately 0.23kg. Available in blue. Targeted at the US market. Noise cancellation: no.""]",1,579,candidate
DEC023_NO_FEEDBACK,train_kb,conservative_noisy_or_conflict_adjusted,3,TechNova Tablet Max 13,has_ram_gb,12,technova tablet max 13|has_ram_gb|12,1,[0.98],True,0,0.735,0.735,0.88,False,0.735,False,False,"[""product_13""]","[""structured""]","[""structured_row:TechNova Tablet Max 13""]",0,579,candidate
DEC023_NO_FEEDBACK,train_kb,conservative_noisy_or_conflict_adjusted,3,TechNova Tablet Max 13,has_storage_gb,128,technova tablet max 13|has_storage_gb|128,1,[0.98],True,0,0.735,0.735,0.88,False,0.735,False,False,"[""product_13""]","[""structured""]","[""structured_row:TechNova Tablet Max 13""]",0,579,candidate
DEC023_NO_FEEDBACK,train_kb,conservative_noisy_or_conflict_adjusted,3,TechNova Tablet Max 13,has_battery_life_hours,14,technova tablet max 13|has_battery_life_hours|14,1,[0.98],True,0,0.735,0.735,0.88,False,0.735,False,False,"[""product_13""]","[""structured""]","[""structured_row:TechNova Tablet Max 13""]",0,579,candidate
DEC023_NO_FEEDBACK,train_kb,conservative_noisy_or_conflict_adjusted,3,TechNova Tablet Max 13,has_weight_kg,0.23,technova tablet max 13|has_weight_kg|0.23,2,"[0.98, 0.88]",True,0,0.9099,0.9099,0.88,True,0.9099,False,False,"[""product_13"", ""product_13""]","[""structured"", ""unstructured""]","[""structured_row:TechNova Tablet Max 13"", ""TechNova Tablet Max 13 is manufactured by TechNova. It is a tablet device. The display measures 13.3 inches. Weighs approximately 0.23kg. Available in blue. Targeted at the US market. Noise cancellation: no.""]",1,579,candidate
DEC023_NO_FEEDBACK,train_kb,conservative_noisy_or_conflict_adjusted,3,TechNova Tablet Max 13,has_color,blue,technova tablet max 13|has_color|blue,2,"[0.98, 0.86]",False,0,0.905925,0.905925,0.88,True,0.905925,False,False,"[""product_13"", ""product_13""]","[""structured"", ""unstructured""]","[""structured_row:TechNova Tablet Max 13"", ""TechNova Tablet Max 13 is manufactured by TechNova. It is a tablet device. The display measures 13.3 inches. Weighs approximately 0.23kg. Available in blue. Targeted at the US market. Noise cancellation: no.""]",1,579,candidate
DEC023_NO_FEEDBACK,train_kb,conservative_noisy_or_conflict_adjusted,3,TechNova Tablet Max 13,made_of_material,aluminum,technova tablet max 13|made_of_material|aluminum,1,[0.98],True,0,0.735,0.735,0.88,False,0.735,False,False,"[""product_13""]","[""structured""]","[""structured_row:TechNova Tablet Max 13""]",0,579,candidate
DEC023_NO_FEEDBACK,train_kb,conservative_noisy_or_conflict_adjusted,3,TechNova Tablet Max 13,target_market_region,US,technova tablet max 13|target_market_region|us,1,[0.98],True,1,0.735,0.3675,0.88,False,0.3675,False,False,"[""product_13""]","[""structured""]","[""structured_row:TechNova Tablet Max 13""]",1,579,candidate
DEC023_NO_FEEDBACK,train_kb,conservative_noisy_or_conflict_adjusted,3,TechNova Tablet Max 13,supports_fast_charging,no,technova tablet max 13|supports_fast_charging|no,1,[0.98],True,0,0.735,0.735,0.88,False,0.735,False,False,"[""product_13""]","[""structured""]","[""structured_row:TechNova Tablet Max 13""]",0,579,candidate
DEC023_NO_FEEDBACK,train_kb,conservative_noisy_or_conflict_adjusted,3,TechNova Tablet Max 13,has_noise_cancellation,no,technova tablet max 13|has_noise_cancellation|no,2,"[0.98, 0.85]",True,0,0.9039375,0.9039375,0.88,True,0.9039375,False,False,"[""product_13"", ""product_13""]","[""structured"", ""unstructured""]","[""structured_row:TechNova Tablet Max 13"", ""TechNova Tablet Max 13 is manufactured by TechNova. It is a tablet device. The display measures 13.3 inches. Weighs approximately 0.23kg. Available in blue. Targeted at the US market. Noise cancellation: no.""]",1,579,candidate
DEC023_NO_FEEDBACK,train_kb,conservative_noisy_or_conflict_adjusted,3,TechNova Tablet Max 13,belongs_to_category,tablet device,technova tablet max 13|belongs_to_category|tablet device,1,[0.85],True,1,0.6375,0.31875,0.88,False,0.31875,False,False,"[""product_13""]","[""unstructured""]","[""TechNova Tablet Max 13 is manufactured by TechNova. It is a tablet device. The display measures 13.3 inches. Weighs approximately 0.23kg. Available in blue. Targeted at the US market. Noise cancellation: no.""]",0,579,candidate
DEC023_NO_FEEDBACK,train_kb,conservative_noisy_or_conflict_adjusted,3,TechNova Tablet Max 13,target_market_region,US market,technova tablet max 13|target_market_region|us market,1,[0.89],True,1,0.6675,0.33375,0.88,False,0.33375,False,False,"[""product_13""]","[""unstructured""]","[""TechNova Tablet Max 13 is manufactured by TechNova. It is a tablet device. The display measures 13.3 inches. Weighs approximately 0.23kg. Available in blue. Targeted at the US market. Noise cancellation: no.""]",0,579,candidate
DEC023_NO_FEEDBACK,train_kb,conservative_noisy_or_conflict_adjusted,3,TechNova Smartwatch Lite 15,manufactured_by,TechNova,technova smartwatch lite 15|manufactured_by|technova,2,"[0.98, 1.0]",True,0,0.93375,0.93375,0.88,True,0.93375,False,False,"[""product_15"", ""product_15""]","[""structured"", ""unstructured""]","[""structured_row:TechNova Smartwatch Lite 15"", ""TechNova Smartwatch Lite 15 is manufactured by TechNova. Priced at 349 USD. Weighs approximately 1.45kg. Available in white. Built with aluminum construction. Fast charging is no. Noise cancellation: no.""]",1,579,candidate
DEC023_NO_FEEDBACK,train_kb,conservative_noisy_or_conflict_adjusted,3,TechNova Smartwatch Lite 15,belongs_to_category,smartwatch,technova smartwatch lite 15|belongs_to_category|smartwatch,1,[0.98],True,0,0.735,0.735,0.88,False,0.735,False,False,"[""product_15""]","[""structured""]","[""structured_row:TechNova Smartwatch Lite 15""]",0,579,candidate
DEC023_NO_FEEDBACK,train_kb,conservative_noisy_or_conflict_adjusted,3,TechNova Smartwatch Lite 15,has_price_usd,349,technova smartwatch lite 15|has_price_usd|349,2,"[0.98, 1.0]",True,0,0.93375,0.93375,0.88,True,0.93375,False,False,"[""product_15"", ""product_15""]","[""structured"", ""unstructured""]","[""structured_row:TechNova Smartwatch Lite 15"", ""TechNova Smartwatch Lite 15 is manufactured by TechNova. Priced at 349 USD. Weighs approximately 1.45kg. Available in white. Built with aluminum construction. Fast charging is no. Noise cancellation: no.""]",1,579,candidate
DEC023_NO_FEEDBACK,train_kb,conservative_noisy_or_conflict_adjusted,3,TechNova Smartwatch Lite 15,has_screen_size_inch,6.1,technova smartwatch lite 15|has_screen_size_inch|6.1,1,[0.98],True,0,0.735,0.735,0.88,False,0.735,False,False,"[""product_15""]","[""structured""]","[""structured_row:TechNova Smartwatch Lite 15""]",0,579,candidate
DEC023_NO_FEEDBACK,train_kb,conservative_noisy_or_conflict_adjusted,3,TechNova Smartwatch Lite 15,has_ram_gb,16,technova smartwatch lite 15|has_ram_gb|16,1,[0.98],True,0,0.735,0.735,0.88,False,0.735,False,False,"[""product_15""]","[""structured""]","[""structured_row:TechNova Smartwatch Lite 15""]",0,579,candidate
DEC023_NO_FEEDBACK,train_kb,conservative_noisy_or_conflict_adjusted,3,TechNova Smartwatch Lite 15,has_storage_gb,1024,technova smartwatch lite 15|has_storage_gb|1024,1,[0.98],True,0,0.735,0.735,0.88,False,0.735,False,False,"[""product_15""]","[""structured""]","[""structured_row:TechNova Smartwatch Lite 15""]",0,579,candidate
DEC023_NO_FEEDBACK,train_kb,conservative_noisy_or_conflict_adjusted,3,TechNova Smartwatch Lite 15,has_battery_life_hours,8,technova smartwatch lite 15|has_battery_life_hours|8,1,[0.98],True,0,0.735,0.735,0.88,False,0.735,False,False,"[""product_15""]","[""structured""]","[""structured_row:TechNova Smartwatch Lite 15""]",0,579,candidate
DEC023_NO_FEEDBACK,train_kb,conservative_noisy_or_conflict_adjusted,3,TechNova Smartwatch Lite 15,has_weight_kg,1.45,technova smartwatch lite 15|has_weight_kg|1.45,2,"[0.98, 1.0]",True,0,0.93375,0.93375,0.88,True,0.93375,False,False,"[""product_15"", ""product_15""]","[""structured"", ""unstructured""]","[""structured_row:TechNova Smartwatch Lite 15"", ""TechNova Smartwatch Lite 15 is manufactured by TechNova. Priced at 349 USD. Weighs approximately 1.45kg. Available in white. Built with aluminum construction. Fast charging is no. Noise cancellation: no.""]",1,579,candidate
DEC023_NO_FEEDBACK,train_kb,conservative_noisy_or_conflict_adjusted,3,TechNova Smartwatch Lite 15,has_color,white,technova smartwatch lite 15|has_color|white,2,"[0.98, 1.0]",False,0,0.93375,0.93375,0.88,True,0.93375,False,False,"[""product_15"", ""product_15""]","[""structured"", ""unstructured""]","[""structured_row:TechNova Smartwatch Lite 15"", ""TechNova Smartwatch Lite 15 is manufactured by TechNova. Priced at 349 USD. Weighs approximately 1.45kg. Available in white. Built with aluminum construction. Fast charging is no. Noise cancellation: no.""]",1,579,candidate
DEC023_NO_FEEDBACK,train_kb,conservative_noisy_or_conflict_adjusted,3,TechNova Smartwatch Lite 15,made_of_material,aluminum,technova smartwatch lite 15|made_of_material|aluminum,2,"[0.98, 1.0]",True,0,0.93375,0.93375,0.88,True,0.93375,False,False,"[""product_15"", ""product_15""]","[""structured"", ""unstructured""]","[""structured_row:TechNova Smartwatch Lite 15"", ""TechNova Smartwatch Lite 15 is manufactured by TechNova. Priced at 349 USD. Weighs approximately 1.45kg. Available in white. Built with aluminum construction. Fast charging is no. Noise cancellation: no.""]",1,579,candidate
DEC023_NO_FEEDBACK,train_kb,conservative_noisy_or_conflict_adjusted,3,TechNova Smartwatch Lite 15,target_market_region,US,technova smartwatch lite 15|target_market_region|us,1,[0.98],True,0,0.735,0.735,0.88,False,0.735,False,False,"[""product_15""]","[""structured""]","[""structured_row:TechNova Smartwatch Lite 15""]",0,579,candidate
DEC023_NO_FEEDBACK,train_kb,conservative_noisy_or_conflict_adjusted,3,TechNova Smartwatch Lite 15,supports_fast_charging,no,technova smartwatch lite 15|supports_fast_charging|no,2,"[0.98, 1.0]",True,0,0.93375,0.93375,0.88,True,0.93375,False,False,"[""product_15"", ""product_15""]","[""structured"", ""unstructured""]","[""structured_row:TechNova Smartwatch Lite 15"", ""TechNova Smartwatch Lite 15 is manufactured by TechNova. Priced at 349 USD. Weighs approximately 1.45kg. Available in white. Built with aluminum construction. Fast charging is no. Noise cancellation: no.""]",1,579,candidate
DEC023_NO_FEEDBACK,train_kb,conservative_noisy_or_conflict_adjusted,3,TechNova Smartwatch Lite 15,has_noise_cancellation,no,technova smartwatch lite 15|has_noise_cancellation|no,2,"[0.98, 1.0]",True,0,0.93375,0.93375,0.88,True,0.93375,False,False,"[""product_15"", ""product_15""]","[""structured"", ""unstructured""]","[""structured_row:TechNova Smartwatch Lite 15"", ""TechNova Smartwatch Lite 15 is manufactured by TechNova. Priced at 349 USD. Weighs approximately 1.45kg. Available in white. Built with aluminum construction. Fast charging is no. Noise cancellation: no.""]",1,579,candidate
DEC023_NO_FEEDBACK,train_kb,conservative_noisy_or_conflict_adjusted,3,Auralex Smartwatch Max 16,manufactured_by,Auralex,auralex smartwatch max 16|manufactured_by|auralex,1,[0.98],True,0,0.735,0.735,0.88,False,0.735,False,False,"[""product_16""]","[""structured""]","[""structured_row:Auralex Smartwatch Max 16""]",0,579,candidate
DEC023_NO_FEEDBACK,train_kb,conservative_noisy_or_conflict_adjusted,3,Auralex Smartwatch Max 16,belongs_to_category,smartwatch,auralex smartwatch max 16|belongs_to_category|smartwatch,1,[0.98],True,0,0.735,0.735,0.88,False,0.735,False,False,"[""product_16""]","[""structured""]","[""structured_row:Auralex Smartwatch Max 16""]",1,579,candidate
DEC023_NO_FEEDBACK,train_kb,conservative_noisy_or_conflict_adjusted,3,Auralex Smartwatch Max 16,has_price_usd,899,auralex smartwatch max 16|has_price_usd|899,1,[0.98],True,0,0.735,0.735,0.88,False,0.735,False,False,"[""product_16""]","[""structured""]","[""structured_row:Auralex Smartwatch Max 16""]",1,579,candidate
DEC023_NO_FEEDBACK,train_kb,conservative_noisy_or_conflict_adjusted,3,Auralex Smartwatch Max 16,has_screen_size_inch,6.1,auralex smartwatch max 16|has_screen_size_inch|6.1,1,[0.98],True,0,0.735,0.735,0.88,False,0.735,False,False,"[""product_16""]","[""structured""]","[""structured_row:Auralex Smartwatch Max 16""]",0,579,candidate
DEC023_NO_FEEDBACK,train_kb,conservative_noisy_or_conflict_adjusted,3,Auralex Smartwatch Max 16,has_ram_gb,16,auralex smartwatch max 16|has_ram_gb|16,1,[0.98],True,0,0.735,0.735,0.88,False,0.735,False,False,"[""product_16""]","[""structured""]","[""structured_row:Auralex Smartwatch Max 16""]",0,579,candidate
DEC023_NO_FEEDBACK,train_kb,conservative_noisy_or_conflict_adjusted,3,Auralex Smartwatch Max 16,has_storage_gb,128,auralex smartwatch max 16|has_storage_gb|128,1,[0.98],True,0,0.735,0.735,0.88,False,0.735,False,False,"[""product_16""]","[""structured""]","[""structured_row:Auralex Smartwatch Max 16""]",1,579,candidate
DEC023_NO_FEEDBACK,train_kb,conservative_noisy_or_conflict_adjusted,3,Auralex Smartwatch Max 16,has_battery_life_hours,18,auralex smartwatch max 16|has_battery_life_hours|18,1,[0.98],True,0,0.735,0.735,0.88,False,0.735,False,False,"[""product_16""]","[""structured""]","[""structured_row:Auralex Smartwatch Max 16""]",1,579,candidate
DEC023_NO_FEEDBACK,train_kb,conservative_noisy_or_conflict_adjusted,3,Auralex Smartwatch Max 16,has_weight_kg,1.2,auralex smartwatch max 16|has_weight_kg|1.2,1,[0.98],True,0,0.735,0.735,0.88,False,0.735,False,False,"[""product_16""]","[""structured""]","[""structured_row:Auralex Smartwatch Max 16""]",0,579,candidate
DEC023_NO_FEEDBACK,train_kb,conservative_noisy_or_conflict_adjusted,3,Auralex Smartwatch Max 16,has_color,silver,auralex smartwatch max 16|has_color|silver,1,[0.98],False,0,0.735,0.735,0.88,False,0.735,False,False,"[""product_16""]","[""structured""]","[""structured_row:Auralex Smartwatch Max 16""]",1,579,candidate
DEC023_NO_FEEDBACK,train_kb,conservative_noisy_or_conflict_adjusted,3,Auralex Smartwatch Max 16,made_of_material,aluminum,auralex smartwatch max 16|made_of_material|aluminum,1,[0.98],True,0,0.735,0.735,0.88,False,0.735,False,False,"[""product_16""]","[""structured""]","[""structured_row:Auralex Smartwatch Max 16""]",1,579,candidate
DEC023_NO_FEEDBACK,train_kb,conservative_noisy_or_conflict_adjusted,3,Auralex Smartwatch Max 16,target_market_region,EU,auralex smartwatch max 16|target_market_region|eu,1,[0.98],True,0,0.735,0.735,0.88,False,0.735,False,False,"[""product_16""]","[""structured""]","[""structured_row:Auralex Smartwatch Max 16""]",0,579,candidate
DEC023_NO_FEEDBACK,train_kb,conservative_noisy_or_conflict_adjusted,3,Auralex Smartwatch Max 16,supports_fast_charging,yes,auralex smartwatch max 16|supports_fast_charging|yes,1,[0.98],True,0,0.735,0.735,0.88,False,0.735,False,False,"[""product_16""]","[""structured""]","[""structured_row:Auralex Smartwatch Max 16""]",0,579,candidate
DEC023_NO_FEEDBACK,train_kb,conservative_noisy_or_conflict_adjusted,3,Auralex Smartwatch Max 16,has_noise_cancellation,no,auralex smartwatch max 16|has_noise_cancellation|no,1,[0.98],True,0,0.735,0.735,0.88,False,0.735,False,False,"[""product_16""]","[""structured""]","[""structured_row:Auralex Smartwatch Max 16""]",1,579,candidate
DEC023_NO_FEEDBACK,train_kb,conservative_noisy_or_conflict_adjusted,3,TechNova Laptop Air 17,manufactured_by,TechNova,technova laptop air 17|manufactured_by|technova,2,"[0.98, 0.92]",True,0,0.91785,0.91785,0.88,True,0.91785,False,False,"[""product_17"", ""product_17""]","[""structured"", ""unstructured""]","[""structured_row:TechNova Laptop Air 17"", ""TechNova Laptop Air 17 is manufactured by TechNova. It is a laptop device. Comes with 32GB of RAM. Weighs approximately 0.42kg. Available in blue. Built with aluminum construction. Targeted at the APAC market.""]",1,579,candidate
DEC023_NO_FEEDBACK,train_kb,conservative_noisy_or_conflict_adjusted,3,TechNova Laptop Air 17,belongs_to_category,laptop,technova laptop air 17|belongs_to_category|laptop,1,[0.98],True,1,0.735,0.3675,0.88,False,0.3675,False,False,"[""product_17""]","[""structured""]","[""structured_row:TechNova Laptop Air 17""]",1,579,candidate
DEC023_NO_FEEDBACK,train_kb,conservative_noisy_or_conflict_adjusted,3,TechNova Laptop Air 17,has_price_usd,299,technova laptop air 17|has_price_usd|299,1,[0.98],True,0,0.735,0.735,0.88,False,0.735,False,False,"[""product_17""]","[""structured""]","[""structured_row:TechNova Laptop Air 17""]",0,579,candidate
DEC023_NO_FEEDBACK,train_kb,conservative_noisy_or_conflict_adjusted,3,TechNova Laptop Air 17,has_screen_size_inch,14.0,technova laptop air 17|has_screen_size_inch|14.0,1,[0.98],True,0,0.735,0.735,0.88,False,0.735,False,False,"[""product_17""]","[""structured""]","[""structured_row:TechNova Laptop Air 17""]",0,579,candidate
DEC023_NO_FEEDBACK,train_kb,conservative_noisy_or_conflict_adjusted,3,TechNova Laptop Air 17,has_ram_gb,32,technova laptop air 17|has_ram_gb|32,2,"[0.98, 0.9]",True,0,0.913875,0.913875,0.88,True,0.913875,False,False,"[""product_17"", ""product_17""]","[""structured"", ""unstructured""]","[""structured_row:TechNova Laptop Air 17"", ""TechNova Laptop Air 17 is manufactured by TechNova. It is a laptop device. Comes with 32GB of RAM. Weighs approximately 0.42kg. Available in blue. Built with aluminum construction. Targeted at the APAC market.""]",1,579,candidate
DEC023_NO_FEEDBACK,train_kb,conservative_noisy_or_conflict_adjusted,3,TechNova Laptop Air 17,has_storage_gb,256,technova laptop air 17|has_storage_gb|256,1,[0.98],True,0,0.735,0.735,0.88,False,0.735,False,False,"[""product_17""]","[""structured""]","[""structured_row:TechNova Laptop Air 17""]",0,579,candidate
DEC023_NO_FEEDBACK,train_kb,conservative_noisy_or_conflict_adjusted,3,TechNova Laptop Air 17,has_battery_life_hours,14,technova laptop air 17|has_battery_life_hours|14,1,[0.98],True,0,0.735,0.735,0.88,False,0.735,False,False,"[""product_17""]","[""structured""]","[""structured_row:TechNova Laptop Air 17""]",0,579,candidate
DEC023_NO_FEEDBACK,train_kb,conservative_noisy_or_conflict_adjusted,3,TechNova Laptop Air 17,has_weight_kg,0.42,technova laptop air 17|has_weight_kg|0.42,2,"[0.98, 0.88]",True,0,0.9099,0.9099,0.88,True,0.9099,False,False,"[""product_17"", ""product_17""]","[""structured"", ""unstructured""]","[""structured_row:TechNova Laptop Air 17"", ""TechNova Laptop Air 17 is manufactured by TechNova. It is a laptop device. Comes with 32GB of RAM. Weighs approximately 0.42kg. Available in blue. Built with aluminum construction. Targeted at the APAC market.""]",1,579,candidate
DEC023_NO_FEEDBACK,train_kb,conservative_noisy_or_conflict_adjusted,3,TechNova Laptop Air 17,has_color,blue,technova laptop air 17|has_color|blue,2,"[0.98, 0.86]",False,0,0.905925,0.905925,0.88,True,0.905925,False,False,"[""product_17"", ""product_17""]","[""structured"", ""unstructured""]","[""structured_row:TechNova Laptop Air 17"", ""TechNova Laptop Air 17 is manufactured by TechNova. It is a laptop device. Comes with 32GB of RAM. Weighs approximately 0.42kg. Available in blue. Built with aluminum construction. Targeted at the APAC market.""]",1,579,candidate
DEC023_NO_FEEDBACK,train_kb,conservative_noisy_or_conflict_adjusted,3,TechNova Laptop Air 17,made_of_material,aluminum,technova laptop air 17|made_of_material|aluminum,2,"[0.98, 0.89]",True,0,0.9118875,0.9118875,0.88,True,0.9118875,False,False,"[""product_17"", ""product_17""]","[""structured"", ""unstructured""]","[""structured_row:TechNova Laptop Air 17"", ""TechNova Laptop Air 17 is manufactured by TechNova. It is a laptop device. Comes with 32GB of RAM. Weighs approximately 0.42kg. Available in blue. Built with aluminum construction. Targeted at the APAC market.""]",1,579,candidate
DEC023_NO_FEEDBACK,train_kb,conservative_noisy_or_conflict_adjusted,3,TechNova Laptop Air 17,target_market_region,APAC,technova laptop air 17|target_market_region|apac,2,"[0.98, 0.84]",True,0,0.90195,0.90195,0.88,True,0.90195,False,False,"[""product_17"", ""product_17""]","[""structured"", ""unstructured""]","[""structured_row:TechNova Laptop Air 17"", ""TechNova Laptop Air 17 is manufactured by TechNova. It is a laptop device. Comes with 32GB of RAM. Weighs approximately 0.42kg. Available in blue. Built with aluminum construction. Targeted at the APAC market.""]",1,579,candidate
DEC023_NO_FEEDBACK,train_kb,conservative_noisy_or_conflict_adjusted,3,TechNova Laptop Air 17,supports_fast_charging,yes,technova laptop air 17|supports_fast_charging|yes,1,[0.98],True,0,0.735,0.735,0.88,False,0.735,False,False,"[""product_17""]","[""structured""]","[""structured_row:TechNova Laptop Air 17""]",0,579,candidate
DEC023_NO_FEEDBACK,train_kb,conservative_noisy_or_conflict_adjusted,3,TechNova Laptop Air 17,has_noise_cancellation,no,technova laptop air 17|has_noise_cancellation|no,1,[0.98],True,0,0.735,0.735,0.88,False,0.735,False,False,"[""product_17""]","[""structured""]","[""structured_row:TechNova Laptop Air 17""]",0,579,candidate
DEC023_NO_FEEDBACK,train_kb,conservative_noisy_or_conflict_adjusted,3,TechNova Laptop Air 17,belongs_to_category,laptop device,technova laptop air 17|belongs_to_category|laptop device,1,[0.85],True,1,0.6375,0.31875,0.88,False,0.31875,False,False,"[""product_17""]","[""unstructured""]","[""TechNova Laptop Air 17 is manufactured by TechNova. It is a laptop device. Comes with 32GB of RAM. Weighs approximately 0.42kg. Available in blue. Built with aluminum construction. Targeted at the APAC market.""]",0,579,candidate
DEC023_NO_FEEDBACK,train_kb,conservative_noisy_or_conflict_adjusted,3,Zenbyte Laptop Pro 18,manufactured_by,Zenbyte,zenbyte laptop pro 18|manufactured_by|zenbyte,3,"[0.98, 0.91, 0.92]",True,0,0.973917375,0.973917375,0.88,True,0.9158625,False,False,"[""product_18"", ""product_18"", ""product_18""]","[""structured"", ""unstructured"", ""unstructured""]","[""structured_row:Zenbyte Laptop Pro 18"", ""Zenbyte Laptop Pro 18 is manufactured by Zenbyte. Comes with 8GB of RAM. Offers 128GB of internal storage. Available in blue. Built with aluminum construction. Targeted at the APAC market. Fast charging is no."", ""Zenbyte Laptop Pro 18 is manufactured by Zenbyte. Comes with 8GB of RAM. Offers 128GB of internal storage. Available in blue. Built with aluminum construction. Targeted at the APAC market. Fast charging is no.""]",1,579,candidate
DEC023_NO_FEEDBACK,train_kb,conservative_noisy_or_conflict_adjusted,3,Zenbyte Laptop Pro 18,belongs_to_category,laptop,zenbyte laptop pro 18|belongs_to_category|laptop,1,[0.98],True,0,0.735,0.735,0.88,False,0.735,False,False,"[""product_18""]","[""structured""]","[""structured_row:Zenbyte Laptop Pro 18""]",0,579,candidate
DEC023_NO_FEEDBACK,train_kb,conservative_noisy_or_conflict_adjusted,3,Zenbyte Laptop Pro 18,has_price_usd,349,zenbyte laptop pro 18|has_price_usd|349,1,[0.98],True,0,0.735,0.735,0.88,False,0.735,False,False,"[""product_18""]","[""structured""]","[""structured_row:Zenbyte Laptop Pro 18""]",0,579,candidate
DEC023_NO_FEEDBACK,train_kb,conservative_noisy_or_conflict_adjusted,3,Zenbyte Laptop Pro 18,has_screen_size_inch,10.9,zenbyte laptop pro 18|has_screen_size_inch|10.9,1,[0.98],True,0,0.735,0.735,0.88,False,0.735,False,False,"[""product_18""]","[""structured""]","[""structured_row:Zenbyte Laptop Pro 18""]",0,579,candidate
DEC023_NO_FEEDBACK,train_kb,conservative_noisy_or_conflict_adjusted,3,Zenbyte Laptop Pro 18,has_ram_gb,8,zenbyte laptop pro 18|has_ram_gb|8,3,"[0.98, 0.91, 0.91]",True,0,0.97328634375,0.97328634375,0.88,True,0.9158625,False,False,"[""product_18"", ""product_18"", ""product_18""]","[""structured"", ""unstructured"", ""unstructured""]","[""structured_row:Zenbyte Laptop Pro 18"", ""Zenbyte Laptop Pro 18 is manufactured by Zenbyte. Comes with 8GB of RAM. Offers 128GB of internal storage. Available in blue. Built with aluminum construction. Targeted at the APAC market. Fast charging is no."", ""Zenbyte Laptop Pro 18 is manufactured by Zenbyte. Comes with 8GB of RAM. Offers 128GB of internal storage. Available in blue. Built with aluminum construction. Targeted at the APAC market. Fast charging is no.""]",1,579,candidate
DEC023_NO_FEEDBACK,train_kb,conservative_noisy_or_conflict_adjusted,3,Zenbyte Laptop Pro 18,has_storage_gb,128,zenbyte laptop pro 18|has_storage_gb|128,3,"[0.98, 0.91, 0.91]",True,0,0.97328634375,0.97328634375,0.88,True,0.9158625,False,False,"[""product_18"", ""product_18"", ""product_18""]","[""structured"", ""unstructured"", ""unstructured""]","[""structured_row:Zenbyte Laptop Pro 18"", ""Zenbyte Laptop Pro 18 is manufactured by Zenbyte. Comes with 8GB of RAM. Offers 128GB of internal storage. Available in blue. Built with aluminum construction. Targeted at the APAC market. Fast charging is no."", ""Zenbyte Laptop Pro 18 is manufactured by Zenbyte. Comes with 8GB of RAM. Offers 128GB of internal storage. Available in blue. Built with aluminum construction. Targeted at the APAC market. Fast charging is no.""]",1,579,candidate
DEC023_NO_FEEDBACK,train_kb,conservative_noisy_or_conflict_adjusted,3,Zenbyte Laptop Pro 18,has_battery_life_hours,14,zenbyte laptop pro 18|has_battery_life_hours|14,1,[0.98],True,0,0.735,0.735,0.88,False,0.735,False,False,"[""product_18""]","[""structured""]","[""structured_row:Zenbyte Laptop Pro 18""]",0,579,candidate
DEC023_NO_FEEDBACK,train_kb,conservative_noisy_or_conflict_adjusted,3,Zenbyte Laptop Pro 18,has_weight_kg,1.8,zenbyte laptop pro 18|has_weight_kg|1.8,1,[0.98],True,0,0.735,0.735,0.88,False,0.735,False,False,"[""product_18""]","[""structured""]","[""structured_row:Zenbyte Laptop Pro 18""]",0,579,candidate
DEC023_NO_FEEDBACK,train_kb,conservative_noisy_or_conflict_adjusted,3,Zenbyte Laptop Pro 18,has_color,blue,zenbyte laptop pro 18|has_color|blue,3,"[0.98, 0.91, 0.91]",False,0,0.97328634375,0.97328634375,0.88,True,0.9158625,False,False,"[""product_18"", ""product_18"", ""product_18""]","[""structured"", ""unstructured"", ""unstructured""]","[""structured_row:Zenbyte Laptop Pro 18"", ""Zenbyte Laptop Pro 18 is manufactured by Zenbyte. Comes with 8GB of RAM. Offers 128GB of internal storage. Available in blue. Built with aluminum construction. Targeted at the APAC market. Fast charging is no."", ""Zenbyte Laptop Pro 18 is manufactured by Zenbyte. Comes with 8GB of RAM. Offers 128GB of internal storage. Available in blue. Built with aluminum construction. Targeted at the APAC market. Fast charging is no.""]",1,579,candidate
DEC023_NO_FEEDBACK,train_kb,conservative_noisy_or_conflict_adjusted,3,Zenbyte Laptop Pro 18,made_of_material,aluminum,zenbyte laptop pro 18|made_of_material|aluminum,3,"[0.98, 0.91, 0.91]",True,0,0.97328634375,0.97328634375,0.88,True,0.9158625,False,False,"[""product_18"", ""product_18"", ""product_18""]","[""structured"", ""unstructured"", ""unstructured""]","[""structured_row:Zenbyte Laptop Pro 18"", ""Zenbyte Laptop Pro 18 is manufactured by Zenbyte. Comes with 8GB of RAM. Offers 128GB of internal storage. Available in blue. Built with aluminum construction. Targeted at the APAC market. Fast charging is no."", ""Zenbyte Laptop Pro 18 is manufactured by Zenbyte. Comes with 8GB of RAM. Offers 128GB of internal storage. Available in blue. Built with aluminum construction. Targeted at the APAC market. Fast charging is no.""]",1,579,candidate
DEC023_NO_FEEDBACK,train_kb,conservative_noisy_or_conflict_adjusted,3,Zenbyte Laptop Pro 18,target_market_region,APAC,zenbyte laptop pro 18|target_market_region|apac,3,"[0.98, 0.91, 0.91]",True,0,0.97328634375,0.97328634375,0.88,True,0.9158625,False,False,"[""product_18"", ""product_18"", ""product_18""]","[""structured"", ""unstructured"", ""unstructured""]","[""structured_row:Zenbyte Laptop Pro 18"", ""Zenbyte Laptop Pro 18 is manufactured by Zenbyte. Comes with 8GB of RAM. Offers 128GB of internal storage. Available in blue. Built with aluminum construction. Targeted at the APAC market. Fast charging is no."", ""Zenbyte Laptop Pro 18 is manufactured by Zenbyte. Comes with 8GB of RAM. Offers 128GB of internal storage. Available in blue. Built with aluminum construction. Targeted at the APAC market. Fast charging is no.""]",1,579,candidate
DEC023_NO_FEEDBACK,train_kb,conservative_noisy_or_conflict_adjusted,3,Zenbyte Laptop Pro 18,supports_fast_charging,no,zenbyte laptop pro 18|supports_fast_charging|no,3,"[0.98, 0.91, 0.91]",True,0,0.97328634375,0.97328634375,0.88,True,0.9158625,False,False,"[""product_18"", ""product_18"", ""product_18""]","[""structured"", ""unstructured"", ""unstructured""]","[""structured_row:Zenbyte Laptop Pro 18"", ""Zenbyte Laptop Pro 18 is manufactured by Zenbyte. Comes with 8GB of RAM. Offers 128GB of internal storage. Available in blue. Built with aluminum construction. Targeted at the APAC market. Fast charging is no."", ""Zenbyte Laptop Pro 18 is manufactured by Zenbyte. Comes with 8GB of RAM. Offers 128GB of internal storage. Available in blue. Built with aluminum construction. Targeted at the APAC market. Fast charging is no.""]",1,579,candidate
DEC023_NO_FEEDBACK,train_kb,conservative_noisy_or_conflict_adjusted,3,Zenbyte Laptop Pro 18,has_noise_cancellation,no,zenbyte laptop pro 18|has_noise_cancellation|no,1,[0.98],True,0,0.735,0.735,0.88,False,0.735,False,False,"[""product_18""]","[""structured""]","[""structured_row:Zenbyte Laptop Pro 18""]",0,579,candidate
DEC023_NO_FEEDBACK,train_kb,conservative_noisy_or_conflict_adjusted,3,PixelWare Smartphone Plus 19,manufactured_by,PixelWare,pixelware smartphone plus 19|manufactured_by|pixelware,1,[0.98],True,0,0.735,0.735,0.88,False,0.735,False,False,"[""product_19""]","[""structured""]","[""structured_row:PixelWare Smartphone Plus 19""]",0,579,candidate
DEC023_NO_FEEDBACK,train_kb,conservative_noisy_or_conflict_adjusted,3,PixelWare Smartphone Plus 19,belongs_to_category,smartphone,pixelware smartphone plus 19|belongs_to_category|smartphone,1,[0.98],True,0,0.735,0.735,0.88,False,0.735,False,False,"[""product_19""]","[""structured""]","[""structured_row:PixelWare Smartphone Plus 19""]",0,579,candidate
DEC023_NO_FEEDBACK,train_kb,conservative_noisy_or_conflict_adjusted,3,PixelWare Smartphone Plus 19,has_price_usd,299,pixelware smartphone plus 19|has_price_usd|299,1,[0.98],True,0,0.735,0.735,0.88,False,0.735,False,False,"[""product_19""]","[""structured""]","[""structured_row:PixelWare Smartphone Plus 19""]",1,579,candidate
DEC023_NO_FEEDBACK,train_kb,conservative_noisy_or_conflict_adjusted,3,PixelWare Smartphone Plus 19,has_screen_size_inch,10.9,pixelware smartphone plus 19|has_screen_size_inch|10.9,1,[0.98],True,0,0.735,0.735,0.88,False,0.735,False,False,"[""product_19""]","[""structured""]","[""structured_row:PixelWare Smartphone Plus 19""]",1,579,candidate
DEC023_NO_FEEDBACK,train_kb,conservative_noisy_or_conflict_adjusted,3,PixelWare Smartphone Plus 19,has_ram_gb,8,pixelware smartphone plus 19|has_ram_gb|8,1,[0.98],True,0,0.735,0.735,0.88,False,0.735,False,False,"[""product_19""]","[""structured""]","[""structured_row:PixelWare Smartphone Plus 19""]",1,579,candidate
DEC023_NO_FEEDBACK,train_kb,conservative_noisy_or_conflict_adjusted,3,PixelWare Smartphone Plus 19,has_storage_gb,1024,pixelware smartphone plus 19|has_storage_gb|1024,1,[0.98],True,0,0.735,0.735,0.88,False,0.735,False,False,"[""product_19""]","[""structured""]","[""structured_row:PixelWare Smartphone Plus 19""]",0,579,candidate
DEC023_NO_FEEDBACK,train_kb,conservative_noisy_or_conflict_adjusted,3,PixelWare Smartphone Plus 19,has_battery_life_hours,10,pixelware smartphone plus 19|has_battery_life_hours|10,1,[0.98],True,0,0.735,0.735,0.88,False,0.735,False,False,"[""product_19""]","[""structured""]","[""structured_row:PixelWare Smartphone Plus 19""]",0,579,candidate
DEC023_NO_FEEDBACK,train_kb,conservative_noisy_or_conflict_adjusted,3,PixelWare Smartphone Plus 19,has_weight_kg,1.45,pixelware smartphone plus 19|has_weight_kg|1.45,1,[0.98],True,0,0.735,0.735,0.88,False,0.735,False,False,"[""product_19""]","[""structured""]","[""structured_row:PixelWare Smartphone Plus 19""]",1,579,candidate
DEC023_NO_FEEDBACK,train_kb,conservative_noisy_or_conflict_adjusted,3,PixelWare Smartphone Plus 19,has_color,blue,pixelware smartphone plus 19|has_color|blue,1,[0.98],False,0,0.735,0.735,0.88,False,0.735,False,False,"[""product_19""]","[""structured""]","[""structured_row:PixelWare Smartphone Plus 19""]",1,579,candidate
DEC023_NO_FEEDBACK,train_kb,conservative_noisy_or_conflict_adjusted,3,PixelWare Smartphone Plus 19,made_of_material,aluminum,pixelware smartphone plus 19|made_of_material|aluminum,1,[0.98],True,0,0.735,0.735,0.88,False,0.735,False,False,"[""product_19""]","[""structured""]","[""structured_row:PixelWare Smartphone Plus 19""]",0,579,candidate
DEC023_NO_FEEDBACK,train_kb,conservative_noisy_or_conflict_adjusted,3,PixelWare Smartphone Plus 19,target_market_region,EU,pixelware smartphone plus 19|target_market_region|eu,1,[0.98],True,0,0.735,0.735,0.88,False,0.735,False,False,"[""product_19""]","[""structured""]","[""structured_row:PixelWare Smartphone Plus 19""]",1,579,candidate
DEC023_NO_FEEDBACK,train_kb,conservative_noisy_or_conflict_adjusted,3,PixelWare Smartphone Plus 19,supports_fast_charging,no,pixelware smartphone plus 19|supports_fast_charging|no,1,[0.98],True,0,0.735,0.735,0.88,False,0.735,False,False,"[""product_19""]","[""structured""]","[""structured_row:PixelWare Smartphone Plus 19""]",1,579,candidate
DEC023_NO_FEEDBACK,train_kb,conservative_noisy_or_conflict_adjusted,3,PixelWare Smartphone Plus 19,has_noise_cancellation,no,pixelware smartphone plus 19|has_noise_cancellation|no,1,[0.98],True,0,0.735,0.735,0.88,False,0.735,False,False,"[""product_19""]","[""structured""]","[""structured_row:PixelWare Smartphone Plus 19""]",0,579,candidate
DEC023_NO_FEEDBACK,train_kb,conservative_noisy_or_conflict_adjusted,3,Auralex Smartphone Pro 20,manufactured_by,Auralex,auralex smartphone pro 20|manufactured_by|auralex,2,"[0.98, 0.9]",True,0,0.913875,0.913875,0.88,True,0.913875,False,False,"[""product_20"", ""product_20""]","[""structured"", ""unstructured""]","[""structured_row:Auralex Smartphone Pro 20"", ""Auralex Smartphone Pro 20 is manufactured by Auralex. It is a smartphone device. Battery lasts up to 10 hours. Available in white. Built with plastic construction. Fast charging is no. Noise cancellation: no.""]",1,579,candidate
DEC023_NO_FEEDBACK,train_kb,conservative_noisy_or_conflict_adjusted,3,Auralex Smartphone Pro 20,belongs_to_category,smartphone,auralex smartphone pro 20|belongs_to_category|smartphone,1,[0.98],True,0,0.735,0.735,0.88,False,0.735,False,False,"[""product_20""]","[""structured""]","[""structured_row:Auralex Smartphone Pro 20""]",1,579,candidate
DEC023_NO_FEEDBACK,train_kb,conservative_noisy_or_conflict_adjusted,3,Auralex Smartphone Pro 20,has_price_usd,699,auralex smartphone pro 20|has_price_usd|699,1,[0.98],True,0,0.735,0.735,0.88,False,0.735,False,False,"[""product_20""]","[""structured""]","[""structured_row:Auralex Smartphone Pro 20""]",0,579,candidate
DEC023_NO_FEEDBACK,train_kb,conservative_noisy_or_conflict_adjusted,3,Auralex Smartphone Pro 20,has_screen_size_inch,15.6,auralex smartphone pro 20|has_screen_size_inch|15.6,1,[0.98],True,0,0.735,0.735,0.88,False,0.735,False,False,"[""product_20""]","[""structured""]","[""structured_row:Auralex Smartphone Pro 20""]",0,579,candidate
DEC023_NO_FEEDBACK,train_kb,conservative_noisy_or_conflict_adjusted,3,Auralex Smartphone Pro 20,has_ram_gb,6,auralex smartphone pro 20|has_ram_gb|6,1,[0.98],True,0,0.735,0.735,0.88,False,0.735,False,False,"[""product_20""]","[""structured""]","[""structured_row:Auralex Smartphone Pro 20""]",0,579,candidate
DEC023_NO_FEEDBACK,train_kb,conservative_noisy_or_conflict_adjusted,3,Auralex Smartphone Pro 20,has_storage_gb,256,auralex smartphone pro 20|has_storage_gb|256,1,[0.98],True,0,0.735,0.735,0.88,False,0.735,False,False,"[""product_20""]","[""structured""]","[""structured_row:Auralex Smartphone Pro 20""]",0,579,candidate
DEC023_NO_FEEDBACK,train_kb,conservative_noisy_or_conflict_adjusted,3,Auralex Smartphone Pro 20,has_battery_life_hours,10,auralex smartphone pro 20|has_battery_life_hours|10,2,"[0.98, 0.9]",True,0,0.913875,0.913875,0.88,True,0.913875,False,False,"[""product_20"", ""product_20""]","[""structured"", ""unstructured""]","[""structured_row:Auralex Smartphone Pro 20"", ""Auralex Smartphone Pro 20 is manufactured by Auralex. It is a smartphone device. Battery lasts up to 10 hours. Available in white. Built with plastic construction. Fast charging is no. Noise cancellation: no.""]",1,579,candidate
DEC023_NO_FEEDBACK,train_kb,conservative_noisy_or_conflict_adjusted,3,Auralex Smartphone Pro 20,has_weight_kg,1.45,auralex smartphone pro 20|has_weight_kg|1.45,1,[0.98],True,0,0.735,0.735,0.88,False,0.735,False,False,"[""product_20""]","[""structured""]","[""structured_row:Auralex Smartphone Pro 20""]",0,579,candidate
DEC023_NO_FEEDBACK,train_kb,conservative_noisy_or_conflict_adjusted,3,Auralex Smartphone Pro 20,has_color,white,auralex smartphone pro 20|has_color|white,2,"[0.98, 0.9]",False,0,0.913875,0.913875,0.88,True,0.913875,False,False,"[""product_20"", ""product_20""]","[""structured"", ""unstructured""]","[""structured_row:Auralex Smartphone Pro 20"", ""Auralex Smartphone Pro 20 is manufactured by Auralex. It is a smartphone device. Battery lasts up to 10 hours. Available in white. Built with plastic construction. Fast charging is no. Noise cancellation: no.""]",1,579,candidate
DEC023_NO_FEEDBACK,train_kb,conservative_noisy_or_conflict_adjusted,3,Auralex Smartphone Pro 20,made_of_material,plastic,auralex smartphone pro 20|made_of_material|plastic,2,"[0.98, 0.9]",True,0,0.913875,0.913875,0.88,True,0.913875,False,False,"[""product_20"", ""product_20""]","[""structured"", ""unstructured""]","[""structured_row:Auralex Smartphone Pro 20"", ""Auralex Smartphone Pro 20 is manufactured by Auralex. It is a smartphone device. Battery lasts up to 10 hours. Available in white. Built with plastic construction. Fast charging is no. Noise cancellation: no.""]",1,579,candidate
DEC023_NO_FEEDBACK,train_kb,conservative_noisy_or_conflict_adjusted,3,Auralex Smartphone Pro 20,target_market_region,EU,auralex smartphone pro 20|target_market_region|eu,1,[0.98],True,0,0.735,0.735,0.88,False,0.735,False,False,"[""product_20""]","[""structured""]","[""structured_row:Auralex Smartphone Pro 20""]",0,579,candidate
DEC023_NO_FEEDBACK,train_kb,conservative_noisy_or_conflict_adjusted,3,Auralex Smartphone Pro 20,supports_fast_charging,no,auralex smartphone pro 20|supports_fast_charging|no,2,"[0.98, 0.9]",True,0,0.913875,0.913875,0.88,True,0.913875,False,False,"[""product_20"", ""product_20""]","[""structured"", ""unstructured""]","[""structured_row:Auralex Smartphone Pro 20"", ""Auralex Smartphone Pro 20 is manufactured by Auralex. It is a smartphone device. Battery lasts up to 10 hours. Available in white. Built with plastic construction. Fast charging is no. Noise cancellation: no.""]",1,579,candidate
DEC023_NO_FEEDBACK,train_kb,conservative_noisy_or_conflict_adjusted,3,Auralex Smartphone Pro 20,has_noise_cancellation,no,auralex smartphone pro 20|has_noise_cancellation|no,2,"[0.98, 0.9]",True,0,0.913875,0.913875,0.88,True,0.913875,False,False,"[""product_20"", ""product_20""]","[""structured"", ""unstructured""]","[""structured_row:Auralex Smartphone Pro 20"", ""Auralex Smartphone Pro 20 is manufactured by Auralex. It is a smartphone device. Battery lasts up to 10 hours. Available in white. Built with plastic construction. Fast charging is no. Noise cancellation: no.""]",1,579,candidate
DEC023_NO_FEEDBACK,train_kb,conservative_noisy_or_conflict_adjusted,3,VoltEdge Smartwatch Max 22,manufactured_by,VoltEdge,voltedge smartwatch max 22|manufactured_by|voltedge,1,[0.98],True,0,0.735,0.735,0.88,False,0.735,False,False,"[""product_22""]","[""structured""]","[""structured_row:VoltEdge Smartwatch Max 22""]",0,579,candidate
DEC023_NO_FEEDBACK,train_kb,conservative_noisy_or_conflict_adjusted,3,VoltEdge Smartwatch Max 22,belongs_to_category,smartwatch,voltedge smartwatch max 22|belongs_to_category|smartwatch,1,[0.98],True,0,0.735,0.735,0.88,False,0.735,False,False,"[""product_22""]","[""structured""]","[""structured_row:VoltEdge Smartwatch Max 22""]",0,579,candidate
DEC023_NO_FEEDBACK,train_kb,conservative_noisy_or_conflict_adjusted,3,VoltEdge Smartwatch Max 22,has_price_usd,299,voltedge smartwatch max 22|has_price_usd|299,1,[0.98],True,0,0.735,0.735,0.88,False,0.735,False,False,"[""product_22""]","[""structured""]","[""structured_row:VoltEdge Smartwatch Max 22""]",1,579,candidate
DEC023_NO_FEEDBACK,train_kb,conservative_noisy_or_conflict_adjusted,3,VoltEdge Smartwatch Max 22,has_screen_size_inch,15.6,voltedge smartwatch max 22|has_screen_size_inch|15.6,1,[0.98],True,0,0.735,0.735,0.88,False,0.735,False,False,"[""product_22""]","[""structured""]","[""structured_row:VoltEdge Smartwatch Max 22""]",1,579,candidate
DEC023_NO_FEEDBACK,train_kb,conservative_noisy_or_conflict_adjusted,3,VoltEdge Smartwatch Max 22,has_ram_gb,6,voltedge smartwatch max 22|has_ram_gb|6,1,[0.98],True,0,0.735,0.735,0.88,False,0.735,False,False,"[""product_22""]","[""structured""]","[""structured_row:VoltEdge Smartwatch Max 22""]",1,579,candidate
DEC023_NO_FEEDBACK,train_kb,conservative_noisy_or_conflict_adjusted,3,VoltEdge Smartwatch Max 22,has_storage_gb,512,voltedge smartwatch max 22|has_storage_gb|512,1,[0.98],True,0,0.735,0.735,0.88,False,0.735,False,False,"[""product_22""]","[""structured""]","[""structured_row:VoltEdge Smartwatch Max 22""]",0,579,candidate
DEC023_NO_FEEDBACK,train_kb,conservative_noisy_or_conflict_adjusted,3,VoltEdge Smartwatch Max 22,has_battery_life_hours,8,voltedge smartwatch max 22|has_battery_life_hours|8,1,[0.98],True,0,0.735,0.735,0.88,False,0.735,False,False,"[""product_22""]","[""structured""]","[""structured_row:VoltEdge Smartwatch Max 22""]",1,579,candidate
DEC023_NO_FEEDBACK,train_kb,conservative_noisy_or_conflict_adjusted,3,VoltEdge Smartwatch Max 22,has_weight_kg,0.23,voltedge smartwatch max 22|has_weight_kg|0.23,1,[0.98],True,0,0.735,0.735,0.88,False,0.735,False,False,"[""product_22""]","[""structured""]","[""structured_row:VoltEdge Smartwatch Max 22""]",0,579,candidate
DEC023_NO_FEEDBACK,train_kb,conservative_noisy_or_conflict_adjusted,3,VoltEdge Smartwatch Max 22,has_color,green,voltedge smartwatch max 22|has_color|green,1,[0.98],False,0,0.735,0.735,0.88,False,0.735,False,False,"[""product_22""]","[""structured""]","[""structured_row:VoltEdge Smartwatch Max 22""]",0,579,candidate
DEC023_NO_FEEDBACK,train_kb,conservative_noisy_or_conflict_adjusted,3,VoltEdge Smartwatch Max 22,made_of_material,carbon fiber,voltedge smartwatch max 22|made_of_material|carbon fiber,1,[0.98],True,0,0.735,0.735,0.88,False,0.735,False,False,"[""product_22""]","[""structured""]","[""structured_row:VoltEdge Smartwatch Max 22""]",0,579,candidate
DEC023_NO_FEEDBACK,train_kb,conservative_noisy_or_conflict_adjusted,3,VoltEdge Smartwatch Max 22,target_market_region,US,voltedge smartwatch max 22|target_market_region|us,1,[0.98],True,0,0.735,0.735,0.88,False,0.735,False,False,"[""product_22""]","[""structured""]","[""structured_row:VoltEdge Smartwatch Max 22""]",1,579,candidate
DEC023_NO_FEEDBACK,train_kb,conservative_noisy_or_conflict_adjusted,3,VoltEdge Smartwatch Max 22,supports_fast_charging,no,voltedge smartwatch max 22|supports_fast_charging|no,1,[0.98],True,0,0.735,0.735,0.88,False,0.735,False,False,"[""product_22""]","[""structured""]","[""structured_row:VoltEdge Smartwatch Max 22""]",1,579,candidate
DEC023_NO_FEEDBACK,train_kb,conservative_noisy_or_conflict_adjusted,3,VoltEdge Smartwatch Max 22,has_noise_cancellation,no,voltedge smartwatch max 22|has_noise_cancellation|no,1,[0.98],True,0,0.735,0.735,0.88,False,0.735,False,False,"[""product_22""]","[""structured""]","[""structured_row:VoltEdge Smartwatch Max 22""]",1,579,candidate
DEC023_NO_FEEDBACK,train_kb,conservative_noisy_or_conflict_adjusted,3,VoltEdge Smartphone Max 23,manufactured_by,VoltEdge,voltedge smartphone max 23|manufactured_by|voltedge,1,[0.98],True,0,0.735,0.735,0.88,False,0.735,False,False,"[""product_23""]","[""structured""]","[""structured_row:VoltEdge Smartphone Max 23""]",0,579,candidate
DEC023_NO_FEEDBACK,train_kb,conservative_noisy_or_conflict_adjusted,3,VoltEdge Smartphone Max 23,belongs_to_category,smartphone,voltedge smartphone max 23|belongs_to_category|smartphone,1,[0.98],True,0,0.735,0.735,0.88,False,0.735,False,False,"[""product_23""]","[""structured""]","[""structured_row:VoltEdge Smartphone Max 23""]",1,579,candidate
DEC023_NO_FEEDBACK,train_kb,conservative_noisy_or_conflict_adjusted,3,VoltEdge Smartphone Max 23,has_price_usd,1099,voltedge smartphone max 23|has_price_usd|1099,1,[0.98],True,0,0.735,0.735,0.88,False,0.735,False,False,"[""product_23""]","[""structured""]","[""structured_row:VoltEdge Smartphone Max 23""]",0,579,candidate
DEC023_NO_FEEDBACK,train_kb,conservative_noisy_or_conflict_adjusted,3,VoltEdge Smartphone Max 23,has_screen_size_inch,10.9,voltedge smartphone max 23|has_screen_size_inch|10.9,1,[0.98],True,0,0.735,0.735,0.88,False,0.735,False,False,"[""product_23""]","[""structured""]","[""structured_row:VoltEdge Smartphone Max 23""]",0,579,candidate
DEC023_NO_FEEDBACK,train_kb,conservative_noisy_or_conflict_adjusted,3,VoltEdge Smartphone Max 23,has_ram_gb,8,voltedge smartphone max 23|has_ram_gb|8,1,[0.98],True,0,0.735,0.735,0.88,False,0.735,False,False,"[""product_23""]","[""structured""]","[""structured_row:VoltEdge Smartphone Max 23""]",1,579,candidate
DEC023_NO_FEEDBACK,train_kb,conservative_noisy_or_conflict_adjusted,3,VoltEdge Smartphone Max 23,has_storage_gb,128,voltedge smartphone max 23|has_storage_gb|128,1,[0.98],True,0,0.735,0.735,0.88,False,0.735,False,False,"[""product_23""]","[""structured""]","[""structured_row:VoltEdge Smartphone Max 23""]",1,579,candidate
DEC023_NO_FEEDBACK,train_kb,conservative_noisy_or_conflict_adjusted,3,VoltEdge Smartphone Max 23,has_battery_life_hours,10,voltedge smartphone max 23|has_battery_life_hours|10,1,[0.98],True,0,0.735,0.735,0.88,False,0.735,False,False,"[""product_23""]","[""structured""]","[""structured_row:VoltEdge Smartphone Max 23""]",1,579,candidate
DEC023_NO_FEEDBACK,train_kb,conservative_noisy_or_conflict_adjusted,3,VoltEdge Smartphone Max 23,has_weight_kg,0.18,voltedge smartphone max 23|has_weight_kg|0.18,1,[0.98],True,0,0.735,0.735,0.88,False,0.735,False,False,"[""product_23""]","[""structured""]","[""structured_row:VoltEdge Smartphone Max 23""]",1,579,candidate
DEC023_NO_FEEDBACK,train_kb,conservative_noisy_or_conflict_adjusted,3,VoltEdge Smartphone Max 23,has_color,black,voltedge smartphone max 23|has_color|black,1,[0.98],False,0,0.735,0.735,0.88,False,0.735,False,False,"[""product_23""]","[""structured""]","[""structured_row:VoltEdge Smartphone Max 23""]",0,579,candidate
DEC023_NO_FEEDBACK,train_kb,conservative_noisy_or_conflict_adjusted,3,VoltEdge Smartphone Max 23,made_of_material,plastic,voltedge smartphone max 23|made_of_material|plastic,1,[0.98],True,0,0.735,0.735,0.88,False,0.735,False,False,"[""product_23""]","[""structured""]","[""structured_row:VoltEdge Smartphone Max 23""]",0,579,candidate
DEC023_NO_FEEDBACK,train_kb,conservative_noisy_or_conflict_adjusted,3,VoltEdge Smartphone Max 23,target_market_region,US,voltedge smartphone max 23|target_market_region|us,1,[0.98],True,0,0.735,0.735,0.88,False,0.735,False,False,"[""product_23""]","[""structured""]","[""structured_row:VoltEdge Smartphone Max 23""]",1,579,candidate
DEC023_NO_FEEDBACK,train_kb,conservative_noisy_or_conflict_adjusted,3,VoltEdge Smartphone Max 23,supports_fast_charging,yes,voltedge smartphone max 23|supports_fast_charging|yes,1,[0.98],True,0,0.735,0.735,0.88,False,0.735,False,False,"[""product_23""]","[""structured""]","[""structured_row:VoltEdge Smartphone Max 23""]",1,579,candidate
DEC023_NO_FEEDBACK,train_kb,conservative_noisy_or_conflict_adjusted,3,VoltEdge Smartphone Max 23,has_noise_cancellation,no,voltedge smartphone max 23|has_noise_cancellation|no,1,[0.98],True,0,0.735,0.735,0.88,False,0.735,False,False,"[""product_23""]","[""structured""]","[""structured_row:VoltEdge Smartphone Max 23""]",0,579,candidate
DEC023_NO_FEEDBACK,train_kb,conservative_noisy_or_conflict_adjusted,3,TechNova Smartphone Pro 1,has_ram_gb,8,technova smartphone pro 1|has_ram_gb|8,6,"[0.91, 0.91, 0.91, 0.9, 0.91, 0.91]",True,2,0.9989514189397193,0.33298380631323976,0.88,False,0.329866018359375,False,False,"[""product_23"", ""product_19"", ""product_23"", ""product_43"", ""product_19"", ""product_23""]","[""unstructured"", ""unstructured"", ""unstructured"", ""unstructured"", ""unstructured"", ""unstructured""]","[""It is a smartphone device. Comes with 8GB of RAM. Offers 128GB of internal storage. Battery lasts up to 10 hours. Weighs approximately 0.18kg. Targeted at the US market. Fast charging is yes."", ""Priced at 299 USD. The display measures 10.9 inches. Comes with 8GB of RAM. Weighs approximately 1.45kg. Available in blue. Targeted at the EU market. Fast charging is no."", ""It is a smartphone device. Comes with 8GB of RAM. Offers 128GB of internal storage. Battery lasts up to 10 hours. Weighs approximately 0.18kg. Targeted at the US market. Fast charging is yes."", ""TechNova Smartphone Pro 43 is manufactured by TechNova. It is a smartphone device. The display measures 13.3 inches. Comes with 8GB of RAM. Weighs approximately 1.8kg. Available in green. Built with aluminum construction."", ""Priced at 299 USD. The display measures 10.9 inches. Comes with 8GB of RAM. Weighs approximately 1.45kg. Available in blue. Targeted at the EU market. Fast charging is no."", ""It is a smartphone device. Comes with 8GB of RAM. Offers 128GB of internal storage. Battery lasts up to 10 hours. Weighs approximately 0.18kg. Targeted at the US market. Fast charging is yes.""]",0,579,candidate
DEC023_NO_FEEDBACK,train_kb,conservative_noisy_or_conflict_adjusted,3,TechNova Smartphone Pro 1,has_storage_gb,128,technova smartphone pro 1|has_storage_gb|128,3,"[0.91, 0.91, 0.91]",True,3,0.967994015625,0.24199850390625,0.88,False,0.2247984375,False,False,"[""product_23"", ""product_23"", ""product_23""]","[""unstructured"", ""unstructured"", ""unstructured""]","[""It is a smartphone device. Comes with 8GB of RAM. Offers 128GB of internal storage. Battery lasts up to 10 hours. Weighs approximately 0.18kg. Targeted at the US market. Fast charging is yes."", ""It is a smartphone device. Comes with 8GB of RAM. Offers 128GB of internal storage. Battery lasts up to 10 hours. Weighs approximately 0.18kg. Targeted at the US market. Fast charging is yes."", ""It is a smartphone device. Comes with 8GB of RAM. Offers 128GB of internal storage. Battery lasts up to 10 hours. Weighs approximately 0.18kg. Targeted at the US market. Fast charging is yes.""]",0,579,candidate
DEC023_NO_FEEDBACK,train_kb,conservative_noisy_or_conflict_adjusted,3,TechNova Smartphone Pro 1,has_battery_life_hours,10,technova smartphone pro 1|has_battery_life_hours|10,3,"[0.91, 0.91, 0.91]",True,4,0.967994015625,0.193598803125,0.88,False,0.17983875,False,False,"[""product_23"", ""product_23"", ""product_23""]","[""unstructured"", ""unstructured"", ""unstructured""]","[""It is a smartphone device. Comes with 8GB of RAM. Offers 128GB of internal storage. Battery lasts up to 10 hours. Weighs approximately 0.18kg. Targeted at the US market. Fast charging is yes."", ""It is a smartphone device. Comes with 8GB of RAM. Offers 128GB of internal storage. Battery lasts up to 10 hours. Weighs approximately 0.18kg. Targeted at the US market. Fast charging is yes."", ""It is a smartphone device. Comes with 8GB of RAM. Offers 128GB of internal storage. Battery lasts up to 10 hours. Weighs approximately 0.18kg. Targeted at the US market. Fast charging is yes.""]",0,579,candidate
DEC023_NO_FEEDBACK,train_kb,conservative_noisy_or_conflict_adjusted,3,TechNova Smartphone Pro 1,has_weight_kg,0.18,technova smartphone pro 1|has_weight_kg|0.18,4,"[0.91, 0.95, 0.91, 0.91]",True,2,0.9907982794921875,0.33026609316406247,0.88,False,0.323672734375,False,False,"[""product_23"", ""product_29"", ""product_23"", ""product_23""]","[""unstructured"", ""unstructured"", ""unstructured"", ""unstructured""]","[""It is a smartphone device. Comes with 8GB of RAM. Offers 128GB of internal storage. Battery lasts up to 10 hours. Weighs approximately 0.18kg. Targeted at the US market. Fast charging is yes."", ""It is a tablet device. Priced at 899 USD. Offers 1024GB of internal storage. Battery lasts up to 14 hours. Weighs approximately 0.18kg. Available in silver. Fast charging is yes."", ""It is a smartphone device. Comes with 8GB of RAM. Offers 128GB of internal storage. Battery lasts up to 10 hours. Weighs approximately 0.18kg. Targeted at the US market. Fast charging is yes."", ""It is a smartphone device. Comes with 8GB of RAM. Offers 128GB of internal storage. Battery lasts up to 10 hours. Weighs approximately 0.18kg. Targeted at the US market. Fast charging is yes.""]",0,579,candidate
DEC023_NO_FEEDBACK,train_kb,conservative_noisy_or_conflict_adjusted,3,TechNova Smartphone Pro 1,supports_fast_charging,yes,technova smartphone pro 1|supports_fast_charging|yes,5,"[0.91, 0.92, 0.91, 0.91, 0.91]",True,1,0.9968498109878906,0.4984249054939453,0.88,False,0.495039072421875,False,False,"[""product_23"", ""product_29"", ""product_23"", ""product_28"", ""product_23""]","[""unstructured"", ""unstructured"", ""unstructured"", ""unstructured"", ""unstructured""]","[""It is a smartphone device. Comes with 8GB of RAM. Offers 128GB of internal storage. Battery lasts up to 10 hours. Weighs approximately 0.18kg. Targeted at the US market. Fast charging is yes."", ""It is a tablet device. Priced at 899 USD. Offers 1024GB of internal storage. Battery lasts up to 14 hours. Weighs approximately 0.18kg. Available in silver. Fast charging is yes."", ""It is a smartphone device. Comes with 8GB of RAM. Offers 128GB of internal storage. Battery lasts up to 10 hours. Weighs approximately 0.18kg. Targeted at the US market. Fast charging is yes."", ""The display measures 6.1 inches. Battery lasts up to 18 hours. Weighs approximately 1.8kg. Available in blue. Built with aluminum construction. Targeted at the US market. Fast charging is yes."", ""It is a smartphone device. Comes with 8GB of RAM. Offers 128GB of internal storage. Battery lasts up to 10 hours. Weighs approximately 0.18kg. Targeted at the US market. Fast charging is yes.""]",0,579,candidate
DEC023_NO_FEEDBACK,train_kb,conservative_noisy_or_conflict_adjusted,3,PixelWare Smartwatch Pro 25,manufactured_by,PixelWare,pixelware smartwatch pro 25|manufactured_by|pixelware,1,[0.98],True,0,0.735,0.735,0.88,False,0.735,False,False,"[""product_25""]","[""structured""]","[""structured_row:PixelWare Smartwatch Pro 25""]",0,579,candidate
DEC023_NO_FEEDBACK,train_kb,conservative_noisy_or_conflict_adjusted,3,PixelWare Smartwatch Pro 25,belongs_to_category,smartwatch,pixelware smartwatch pro 25|belongs_to_category|smartwatch,1,[0.98],True,0,0.735,0.735,0.88,False,0.735,False,False,"[""product_25""]","[""structured""]","[""structured_row:PixelWare Smartwatch Pro 25""]",1,579,candidate
DEC023_NO_FEEDBACK,train_kb,conservative_noisy_or_conflict_adjusted,3,PixelWare Smartwatch Pro 25,has_price_usd,1299,pixelware smartwatch pro 25|has_price_usd|1299,1,[0.98],True,0,0.735,0.735,0.88,False,0.735,False,False,"[""product_25""]","[""structured""]","[""structured_row:PixelWare Smartwatch Pro 25""]",0,579,candidate
DEC023_NO_FEEDBACK,train_kb,conservative_noisy_or_conflict_adjusted,3,PixelWare Smartwatch Pro 25,has_screen_size_inch,15.6,pixelware smartwatch pro 25|has_screen_size_inch|15.6,1,[0.98],True,0,0.735,0.735,0.88,False,0.735,False,False,"[""product_25""]","[""structured""]","[""structured_row:PixelWare Smartwatch Pro 25""]",0,579,candidate
DEC023_NO_FEEDBACK,train_kb,conservative_noisy_or_conflict_adjusted,3,PixelWare Smartwatch Pro 25,has_ram_gb,16,pixelware smartwatch pro 25|has_ram_gb|16,1,[0.98],True,0,0.735,0.735,0.88,False,0.735,False,False,"[""product_25""]","[""structured""]","[""structured_row:PixelWare Smartwatch Pro 25""]",1,579,candidate
DEC023_NO_FEEDBACK,train_kb,conservative_noisy_or_conflict_adjusted,3,PixelWare Smartwatch Pro 25,has_storage_gb,128,pixelware smartwatch pro 25|has_storage_gb|128,1,[0.98],True,0,0.735,0.735,0.88,False,0.735,False,False,"[""product_25""]","[""structured""]","[""structured_row:PixelWare Smartwatch Pro 25""]",1,579,candidate
DEC023_NO_FEEDBACK,train_kb,conservative_noisy_or_conflict_adjusted,3,PixelWare Smartwatch Pro 25,has_battery_life_hours,12,pixelware smartwatch pro 25|has_battery_life_hours|12,1,[0.98],True,0,0.735,0.735,0.88,False,0.735,False,False,"[""product_25""]","[""structured""]","[""structured_row:PixelWare Smartwatch Pro 25""]",0,579,candidate
DEC023_NO_FEEDBACK,train_kb,conservative_noisy_or_conflict_adjusted,3,PixelWare Smartwatch Pro 25,has_weight_kg,0.55,pixelware smartwatch pro 25|has_weight_kg|0.55,1,[0.98],True,0,0.735,0.735,0.88,False,0.735,False,False,"[""product_25""]","[""structured""]","[""structured_row:PixelWare Smartwatch Pro 25""]",1,579,candidate
DEC023_NO_FEEDBACK,train_kb,conservative_noisy_or_conflict_adjusted,3,PixelWare Smartwatch Pro 25,has_color,blue,pixelware smartwatch pro 25|has_color|blue,1,[0.98],False,0,0.735,0.735,0.88,False,0.735,False,False,"[""product_25""]","[""structured""]","[""structured_row:PixelWare Smartwatch Pro 25""]",0,579,candidate
DEC023_NO_FEEDBACK,train_kb,conservative_noisy_or_conflict_adjusted,3,PixelWare Smartwatch Pro 25,made_of_material,aluminum,pixelware smartwatch pro 25|made_of_material|aluminum,1,[0.98],True,0,0.735,0.735,0.88,False,0.735,False,False,"[""product_25""]","[""structured""]","[""structured_row:PixelWare Smartwatch Pro 25""]",1,579,candidate
DEC023_NO_FEEDBACK,train_kb,conservative_noisy_or_conflict_adjusted,3,PixelWare Smartwatch Pro 25,target_market_region,Global,pixelware smartwatch pro 25|target_market_region|global,1,[0.98],True,0,0.735,0.735,0.88,False,0.735,False,False,"[""product_25""]","[""structured""]","[""structured_row:PixelWare Smartwatch Pro 25""]",1,579,candidate
DEC023_NO_FEEDBACK,train_kb,conservative_noisy_or_conflict_adjusted,3,PixelWare Smartwatch Pro 25,supports_fast_charging,yes,pixelware smartwatch pro 25|supports_fast_charging|yes,1,[0.98],True,0,0.735,0.735,0.88,False,0.735,False,False,"[""product_25""]","[""structured""]","[""structured_row:PixelWare Smartwatch Pro 25""]",1,579,candidate
DEC023_NO_FEEDBACK,train_kb,conservative_noisy_or_conflict_adjusted,3,PixelWare Smartwatch Pro 25,has_noise_cancellation,no,pixelware smartwatch pro 25|has_noise_cancellation|no,1,[0.98],True,0,0.735,0.735,0.88,False,0.735,False,False,"[""product_25""]","[""structured""]","[""structured_row:PixelWare Smartwatch Pro 25""]",0,579,candidate
DEC023_NO_FEEDBACK,train_kb,conservative_noisy_or_conflict_adjusted,3,It is a smartwatch device,belongs_to_category,smartwatch,it is a smartwatch device|belongs_to_category|smartwatch,1,[0.85],True,0,0.6375,0.6375,0.88,False,0.6375,False,False,"[""product_25""]","[""unstructured""]","[""It is a smartwatch device. Comes with 16GB of RAM. Offers 128GB of internal storage. Weighs approximately 0.55kg. Built with aluminum construction. Targeted at the Global market. Fast charging is yes.""]",0,579,candidate
DEC023_NO_FEEDBACK,train_kb,conservative_noisy_or_conflict_adjusted,3,It is a smartwatch device,has_ram_gb,16,it is a smartwatch device|has_ram_gb|16,2,"[0.92, 0.91]",True,1,0.901575,0.4507875,0.88,False,0.34500000000000003,False,False,"[""product_25"", ""product_25""]","[""unstructured"", ""unstructured""]","[""It is a smartwatch device. Comes with 16GB of RAM. Offers 128GB of internal storage. Weighs approximately 0.55kg. Built with aluminum construction. Targeted at the Global market. Fast charging is yes."", ""It is a smartwatch device. Comes with 16GB of RAM. Offers 128GB of internal storage. Weighs approximately 0.55kg. Built with aluminum construction. Targeted at the Global market. Fast charging is yes.""]",0,579,candidate
DEC023_NO_FEEDBACK,train_kb,conservative_noisy_or_conflict_adjusted,3,It is a smartwatch device,has_storage_gb,128,it is a smartwatch device|has_storage_gb|128,2,"[0.88, 0.91]",True,0,0.89205,0.89205,0.88,True,0.66,True,False,"[""product_25"", ""product_25""]","[""unstructured"", ""unstructured""]","[""It is a smartwatch device. Comes with 16GB of RAM. Offers 128GB of internal storage. Weighs approximately 0.55kg. Built with aluminum construction. Targeted at the Global market. Fast charging is yes."", ""It is a smartwatch device. Comes with 16GB of RAM. Offers 128GB of internal storage. Weighs approximately 0.55kg. Built with aluminum construction. Targeted at the Global market. Fast charging is yes.""]",0,579,candidate
DEC023_NO_FEEDBACK,train_kb,conservative_noisy_or_conflict_adjusted,3,It is a smartwatch device,has_weight_kg,0.55,it is a smartwatch device|has_weight_kg|0.55,2,"[0.9, 0.91]",True,0,0.8968125,0.8968125,0.88,True,0.675,True,False,"[""product_25"", ""product_25""]","[""unstructured"", ""unstructured""]","[""It is a smartwatch device. Comes with 16GB of RAM. Offers 128GB of internal storage. Weighs approximately 0.55kg. Built with aluminum construction. Targeted at the Global market. Fast charging is yes."", ""It is a smartwatch device. Comes with 16GB of RAM. Offers 128GB of internal storage. Weighs approximately 0.55kg. Built with aluminum construction. Targeted at the Global market. Fast charging is yes.""]",0,579,candidate
DEC023_NO_FEEDBACK,train_kb,conservative_noisy_or_conflict_adjusted,3,It is a smartwatch device,made_of_material,aluminum,it is a smartwatch device|made_of_material|aluminum,2,"[0.86, 0.91]",True,1,0.8872875,0.44364375,0.88,False,0.3225,False,False,"[""product_25"", ""product_25""]","[""unstructured"", ""unstructured""]","[""It is a smartwatch device. Comes with 16GB of RAM. Offers 128GB of internal storage. Weighs approximately 0.55kg. Built with aluminum construction. Targeted at the Global market. Fast charging is yes."", ""It is a smartwatch device. Comes with 16GB of RAM. Offers 128GB of internal storage. Weighs approximately 0.55kg. Built with aluminum construction. Targeted at the Global market. Fast charging is yes.""]",0,579,candidate
DEC023_NO_FEEDBACK,train_kb,conservative_noisy_or_conflict_adjusted,3,It is a smartwatch device,target_market_region,Global,it is a smartwatch device|target_market_region|global,3,"[0.89, 0.9, 0.91]",True,0,0.96569015625,0.96569015625,0.88,True,0.8919375,False,False,"[""product_25"", ""product_27"", ""product_25""]","[""unstructured"", ""unstructured"", ""unstructured""]","[""It is a smartwatch device. Comes with 16GB of RAM. Offers 128GB of internal storage. Weighs approximately 0.55kg. Built with aluminum construction. Targeted at the Global market. Fast charging is yes."", ""It is a smartwatch device. Offers 128GB of internal storage. Battery lasts up to 20 hours. Available in blue. Built with plastic construction. Targeted at the Global market. Fast charging is no."", ""It is a smartwatch device. Comes with 16GB of RAM. Offers 128GB of internal storage. Weighs approximately 0.55kg. Built with aluminum construction. Targeted at the Global market. Fast charging is yes.""]",0,579,candidate
DEC023_NO_FEEDBACK,train_kb,conservative_noisy_or_conflict_adjusted,3,It is a smartwatch device,supports_fast_charging,yes,it is a smartwatch device|supports_fast_charging|yes,2,"[0.94, 0.91]",True,1,0.9063375,0.45316875,0.88,False,0.3525,False,False,"[""product_25"", ""product_25""]","[""unstructured"", ""unstructured""]","[""It is a smartwatch device. Comes with 16GB of RAM. Offers 128GB of internal storage. Weighs approximately 0.55kg. Built with aluminum construction. Targeted at the Global market. Fast charging is yes."", ""It is a smartwatch device. Comes with 16GB of RAM. Offers 128GB of internal storage. Weighs approximately 0.55kg. Built with aluminum construction. Targeted at the Global market. Fast charging is yes.""]",0,579,candidate
DEC023_NO_FEEDBACK,train_kb,conservative_noisy_or_conflict_adjusted,3,Zenbyte Smartwatch Air 27,manufactured_by,Zenbyte,zenbyte smartwatch air 27|manufactured_by|zenbyte,1,[0.98],True,0,0.735,0.735,0.88,False,0.735,False,False,"[""product_27""]","[""structured""]","[""structured_row:Zenbyte Smartwatch Air 27""]",0,579,candidate
DEC023_NO_FEEDBACK,train_kb,conservative_noisy_or_conflict_adjusted,3,Zenbyte Smartwatch Air 27,belongs_to_category,smartwatch,zenbyte smartwatch air 27|belongs_to_category|smartwatch,1,[0.98],True,0,0.735,0.735,0.88,False,0.735,False,False,"[""product_27""]","[""structured""]","[""structured_row:Zenbyte Smartwatch Air 27""]",1,579,candidate
DEC023_NO_FEEDBACK,train_kb,conservative_noisy_or_conflict_adjusted,3,Zenbyte Smartwatch Air 27,has_price_usd,349,zenbyte smartwatch air 27|has_price_usd|349,1,[0.98],True,0,0.735,0.735,0.88,False,0.735,False,False,"[""product_27""]","[""structured""]","[""structured_row:Zenbyte Smartwatch Air 27""]",0,579,candidate
DEC023_NO_FEEDBACK,train_kb,conservative_noisy_or_conflict_adjusted,3,Zenbyte Smartwatch Air 27,has_screen_size_inch,13.3,zenbyte smartwatch air 27|has_screen_size_inch|13.3,1,[0.98],True,0,0.735,0.735,0.88,False,0.735,False,False,"[""product_27""]","[""structured""]","[""structured_row:Zenbyte Smartwatch Air 27""]",0,579,candidate
DEC023_NO_FEEDBACK,train_kb,conservative_noisy_or_conflict_adjusted,3,Zenbyte Smartwatch Air 27,has_ram_gb,12,zenbyte smartwatch air 27|has_ram_gb|12,1,[0.98],True,0,0.735,0.735,0.88,False,0.735,False,False,"[""product_27""]","[""structured""]","[""structured_row:Zenbyte Smartwatch Air 27""]",0,579,candidate
DEC023_NO_FEEDBACK,train_kb,conservative_noisy_or_conflict_adjusted,3,Zenbyte Smartwatch Air 27,has_storage_gb,128,zenbyte smartwatch air 27|has_storage_gb|128,1,[0.98],True,0,0.735,0.735,0.88,False,0.735,False,False,"[""product_27""]","[""structured""]","[""structured_row:Zenbyte Smartwatch Air 27""]",1,579,candidate
DEC023_NO_FEEDBACK,train_kb,conservative_noisy_or_conflict_adjusted,3,Zenbyte Smartwatch Air 27,has_battery_life_hours,20,zenbyte smartwatch air 27|has_battery_life_hours|20,1,[0.98],True,0,0.735,0.735,0.88,False,0.735,False,False,"[""product_27""]","[""structured""]","[""structured_row:Zenbyte Smartwatch Air 27""]",1,579,candidate
DEC023_NO_FEEDBACK,train_kb,conservative_noisy_or_conflict_adjusted,3,Zenbyte Smartwatch Air 27,has_weight_kg,0.18,zenbyte smartwatch air 27|has_weight_kg|0.18,1,[0.98],True,0,0.735,0.735,0.88,False,0.735,False,False,"[""product_27""]","[""structured""]","[""structured_row:Zenbyte Smartwatch Air 27""]",0,579,candidate
DEC023_NO_FEEDBACK,train_kb,conservative_noisy_or_conflict_adjusted,3,Zenbyte Smartwatch Air 27,has_color,blue,zenbyte smartwatch air 27|has_color|blue,1,[0.98],False,0,0.735,0.735,0.88,False,0.735,False,False,"[""product_27""]","[""structured""]","[""structured_row:Zenbyte Smartwatch Air 27""]",1,579,candidate
DEC023_NO_FEEDBACK,train_kb,conservative_noisy_or_conflict_adjusted,3,Zenbyte Smartwatch Air 27,made_of_material,plastic,zenbyte smartwatch air 27|made_of_material|plastic,1,[0.98],True,0,0.735,0.735,0.88,False,0.735,False,False,"[""product_27""]","[""structured""]","[""structured_row:Zenbyte Smartwatch Air 27""]",1,579,candidate
DEC023_NO_FEEDBACK,train_kb,conservative_noisy_or_conflict_adjusted,3,Zenbyte Smartwatch Air 27,target_market_region,Global,zenbyte smartwatch air 27|target_market_region|global,1,[0.98],True,0,0.735,0.735,0.88,False,0.735,False,False,"[""product_27""]","[""structured""]","[""structured_row:Zenbyte Smartwatch Air 27""]",1,579,candidate
DEC023_NO_FEEDBACK,train_kb,conservative_noisy_or_conflict_adjusted,3,Zenbyte Smartwatch Air 27,supports_fast_charging,no,zenbyte smartwatch air 27|supports_fast_charging|no,1,[0.98],True,0,0.735,0.735,0.88,False,0.735,False,False,"[""product_27""]","[""structured""]","[""structured_row:Zenbyte Smartwatch Air 27""]",1,579,candidate
DEC023_NO_FEEDBACK,train_kb,conservative_noisy_or_conflict_adjusted,3,Zenbyte Smartwatch Air 27,has_noise_cancellation,no,zenbyte smartwatch air 27|has_noise_cancellation|no,1,[0.98],True,0,0.735,0.735,0.88,False,0.735,False,False,"[""product_27""]","[""structured""]","[""structured_row:Zenbyte Smartwatch Air 27""]",0,579,candidate
DEC023_NO_FEEDBACK,train_kb,conservative_noisy_or_conflict_adjusted,3,smartwatch device,has_storage_gb,128GB,smartwatch device|has_storage_gb|128gb,2,"[0.92, 0.85]",True,1,0.887625,0.4438125,0.88,False,0.4438125,False,False,"[""product_27"", ""product_25""]","[""unstructured"", ""unstructured""]","[""It is a smartwatch device. Offers 128GB of internal storage. Battery lasts up to 20 hours. Available in blue. Built with plastic construction. Targeted at the Global market. Fast charging is no."", ""It is a smartwatch device. Comes with 16GB of RAM. Offers 128GB of internal storage. Weighs approximately 0.55kg. Built with aluminum construction. Targeted at the Global market. Fast charging is yes.""]",0,579,candidate
DEC023_NO_FEEDBACK,train_kb,conservative_noisy_or_conflict_adjusted,3,smartwatch device,has_battery_life_hours,20 hours,smartwatch device|has_battery_life_hours|20 hours,1,[0.93],True,1,0.6975,0.34875,0.88,False,0.34875,False,False,"[""product_27""]","[""unstructured""]","[""It is a smartwatch device. Offers 128GB of internal storage. Battery lasts up to 20 hours. Available in blue. Built with plastic construction. Targeted at the Global market. Fast charging is no.""]",0,579,candidate
DEC023_NO_FEEDBACK,train_kb,conservative_noisy_or_conflict_adjusted,3,smartwatch device,has_color,blue,smartwatch device|has_color|blue,1,[0.94],False,1,0.705,0.705,0.88,False,0.705,False,False,"[""product_27""]","[""unstructured""]","[""It is a smartwatch device. Offers 128GB of internal storage. Battery lasts up to 20 hours. Available in blue. Built with plastic construction. Targeted at the Global market. Fast charging is no.""]",0,579,candidate
DEC023_NO_FEEDBACK,train_kb,conservative_noisy_or_conflict_adjusted,3,smartwatch device,made_of_material,plastic construction,smartwatch device|made_of_material|plastic construction,1,[0.95],True,1,0.7124999999999999,0.35624999999999996,0.88,False,0.35624999999999996,False,False,"[""product_27""]","[""unstructured""]","[""It is a smartwatch device. Offers 128GB of internal storage. Battery lasts up to 20 hours. Available in blue. Built with plastic construction. Targeted at the Global market. Fast charging is no.""]",0,579,candidate
DEC023_NO_FEEDBACK,train_kb,conservative_noisy_or_conflict_adjusted,3,smartwatch device,target_market_region,Global market,smartwatch device|target_market_region|global market,1,[0.96],True,1,0.72,0.36,0.88,False,0.36,False,False,"[""product_27""]","[""unstructured""]","[""It is a smartwatch device. Offers 128GB of internal storage. Battery lasts up to 20 hours. Available in blue. Built with plastic construction. Targeted at the Global market. Fast charging is no.""]",0,579,candidate
DEC023_NO_FEEDBACK,train_kb,conservative_noisy_or_conflict_adjusted,3,TechNova Laptop Max 28,manufactured_by,TechNova,technova laptop max 28|manufactured_by|technova,1,[0.98],True,0,0.735,0.735,0.88,False,0.735,False,False,"[""product_28""]","[""structured""]","[""structured_row:TechNova Laptop Max 28""]",0,579,candidate
DEC023_NO_FEEDBACK,train_kb,conservative_noisy_or_conflict_adjusted,3,TechNova Laptop Max 28,belongs_to_category,laptop,technova laptop max 28|belongs_to_category|laptop,1,[0.98],True,0,0.735,0.735,0.88,False,0.735,False,False,"[""product_28""]","[""structured""]","[""structured_row:TechNova Laptop Max 28""]",0,579,candidate
DEC023_NO_FEEDBACK,train_kb,conservative_noisy_or_conflict_adjusted,3,TechNova Laptop Max 28,has_price_usd,199,technova laptop max 28|has_price_usd|199,1,[0.98],True,0,0.735,0.735,0.88,False,0.735,False,False,"[""product_28""]","[""structured""]","[""structured_row:TechNova Laptop Max 28""]",0,579,candidate
DEC023_NO_FEEDBACK,train_kb,conservative_noisy_or_conflict_adjusted,3,TechNova Laptop Max 28,has_screen_size_inch,6.1,technova laptop max 28|has_screen_size_inch|6.1,1,[0.98],True,0,0.735,0.735,0.88,False,0.735,False,False,"[""product_28""]","[""structured""]","[""structured_row:TechNova Laptop Max 28""]",1,579,candidate
DEC023_NO_FEEDBACK,train_kb,conservative_noisy_or_conflict_adjusted,3,TechNova Laptop Max 28,has_ram_gb,6,technova laptop max 28|has_ram_gb|6,1,[0.98],True,0,0.735,0.735,0.88,False,0.735,False,False,"[""product_28""]","[""structured""]","[""structured_row:TechNova Laptop Max 28""]",0,579,candidate
DEC023_NO_FEEDBACK,train_kb,conservative_noisy_or_conflict_adjusted,3,TechNova Laptop Max 28,has_storage_gb,512,technova laptop max 28|has_storage_gb|512,1,[0.98],True,0,0.735,0.735,0.88,False,0.735,False,False,"[""product_28""]","[""structured""]","[""structured_row:TechNova Laptop Max 28""]",0,579,candidate
DEC023_NO_FEEDBACK,train_kb,conservative_noisy_or_conflict_adjusted,3,TechNova Laptop Max 28,has_battery_life_hours,18,technova laptop max 28|has_battery_life_hours|18,1,[0.98],True,0,0.735,0.735,0.88,False,0.735,False,False,"[""product_28""]","[""structured""]","[""structured_row:TechNova Laptop Max 28""]",1,579,candidate
DEC023_NO_FEEDBACK,train_kb,conservative_noisy_or_conflict_adjusted,3,TechNova Laptop Max 28,has_weight_kg,1.8,technova laptop max 28|has_weight_kg|1.8,1,[0.98],True,0,0.735,0.735,0.88,False,0.735,False,False,"[""product_28""]","[""structured""]","[""structured_row:TechNova Laptop Max 28""]",1,579,candidate
DEC023_NO_FEEDBACK,train_kb,conservative_noisy_or_conflict_adjusted,3,TechNova Laptop Max 28,has_color,blue,technova laptop max 28|has_color|blue,1,[0.98],False,0,0.735,0.735,0.88,False,0.735,False,False,"[""product_28""]","[""structured""]","[""structured_row:TechNova Laptop Max 28""]",1,579,candidate
DEC023_NO_FEEDBACK,train_kb,conservative_noisy_or_conflict_adjusted,3,TechNova Laptop Max 28,made_of_material,aluminum,technova laptop max 28|made_of_material|aluminum,1,[0.98],True,0,0.735,0.735,0.88,False,0.735,False,False,"[""product_28""]","[""structured""]","[""structured_row:TechNova Laptop Max 28""]",1,579,candidate
DEC023_NO_FEEDBACK,train_kb,conservative_noisy_or_conflict_adjusted,3,TechNova Laptop Max 28,target_market_region,US,technova laptop max 28|target_market_region|us,1,[0.98],True,0,0.735,0.735,0.88,False,0.735,False,False,"[""product_28""]","[""structured""]","[""structured_row:TechNova Laptop Max 28""]",1,579,candidate
DEC023_NO_FEEDBACK,train_kb,conservative_noisy_or_conflict_adjusted,3,TechNova Laptop Max 28,supports_fast_charging,yes,technova laptop max 28|supports_fast_charging|yes,1,[0.98],True,0,0.735,0.735,0.88,False,0.735,False,False,"[""product_28""]","[""structured""]","[""structured_row:TechNova Laptop Max 28""]",1,579,candidate
DEC023_NO_FEEDBACK,train_kb,conservative_noisy_or_conflict_adjusted,3,TechNova Laptop Max 28,has_noise_cancellation,no,technova laptop max 28|has_noise_cancellation|no,1,[0.98],True,0,0.735,0.735,0.88,False,0.735,False,False,"[""product_28""]","[""structured""]","[""structured_row:TechNova Laptop Max 28""]",0,579,candidate
DEC023_NO_FEEDBACK,train_kb,conservative_noisy_or_conflict_adjusted,3,PixelWare Tablet Pro 29,manufactured_by,PixelWare,pixelware tablet pro 29|manufactured_by|pixelware,1,[0.98],True,0,0.735,0.735,0.88,False,0.735,False,False,"[""product_29""]","[""structured""]","[""structured_row:PixelWare Tablet Pro 29""]",0,579,candidate
DEC023_NO_FEEDBACK,train_kb,conservative_noisy_or_conflict_adjusted,3,PixelWare Tablet Pro 29,belongs_to_category,tablet,pixelware tablet pro 29|belongs_to_category|tablet,1,[0.98],True,0,0.735,0.735,0.88,False,0.735,False,False,"[""product_29""]","[""structured""]","[""structured_row:PixelWare Tablet Pro 29""]",1,579,candidate
DEC023_NO_FEEDBACK,train_kb,conservative_noisy_or_conflict_adjusted,3,PixelWare Tablet Pro 29,has_price_usd,899,pixelware tablet pro 29|has_price_usd|899,1,[0.98],True,0,0.735,0.735,0.88,False,0.735,False,False,"[""product_29""]","[""structured""]","[""structured_row:PixelWare Tablet Pro 29""]",1,579,candidate
DEC023_NO_FEEDBACK,train_kb,conservative_noisy_or_conflict_adjusted,3,PixelWare Tablet Pro 29,has_screen_size_inch,6.7,pixelware tablet pro 29|has_screen_size_inch|6.7,1,[0.98],True,0,0.735,0.735,0.88,False,0.735,False,False,"[""product_29""]","[""structured""]","[""structured_row:PixelWare Tablet Pro 29""]",0,579,candidate
DEC023_NO_FEEDBACK,train_kb,conservative_noisy_or_conflict_adjusted,3,PixelWare Tablet Pro 29,has_ram_gb,6,pixelware tablet pro 29|has_ram_gb|6,1,[0.98],True,0,0.735,0.735,0.88,False,0.735,False,False,"[""product_29""]","[""structured""]","[""structured_row:PixelWare Tablet Pro 29""]",0,579,candidate
DEC023_NO_FEEDBACK,train_kb,conservative_noisy_or_conflict_adjusted,3,PixelWare Tablet Pro 29,has_storage_gb,1024,pixelware tablet pro 29|has_storage_gb|1024,1,[0.98],True,0,0.735,0.735,0.88,False,0.735,False,False,"[""product_29""]","[""structured""]","[""structured_row:PixelWare Tablet Pro 29""]",1,579,candidate
DEC023_NO_FEEDBACK,train_kb,conservative_noisy_or_conflict_adjusted,3,PixelWare Tablet Pro 29,has_battery_life_hours,14,pixelware tablet pro 29|has_battery_life_hours|14,1,[0.98],True,0,0.735,0.735,0.88,False,0.735,False,False,"[""product_29""]","[""structured""]","[""structured_row:PixelWare Tablet Pro 29""]",1,579,candidate
DEC023_NO_FEEDBACK,train_kb,conservative_noisy_or_conflict_adjusted,3,PixelWare Tablet Pro 29,has_weight_kg,0.18,pixelware tablet pro 29|has_weight_kg|0.18,1,[0.98],True,0,0.735,0.735,0.88,False,0.735,False,False,"[""product_29""]","[""structured""]","[""structured_row:PixelWare Tablet Pro 29""]",1,579,candidate
DEC023_NO_FEEDBACK,train_kb,conservative_noisy_or_conflict_adjusted,3,PixelWare Tablet Pro 29,has_color,silver,pixelware tablet pro 29|has_color|silver,1,[0.98],False,0,0.735,0.735,0.88,False,0.735,False,False,"[""product_29""]","[""structured""]","[""structured_row:PixelWare Tablet Pro 29""]",1,579,candidate
DEC023_NO_FEEDBACK,train_kb,conservative_noisy_or_conflict_adjusted,3,PixelWare Tablet Pro 29,made_of_material,carbon fiber,pixelware tablet pro 29|made_of_material|carbon fiber,1,[0.98],True,0,0.735,0.735,0.88,False,0.735,False,False,"[""product_29""]","[""structured""]","[""structured_row:PixelWare Tablet Pro 29""]",0,579,candidate
DEC023_NO_FEEDBACK,train_kb,conservative_noisy_or_conflict_adjusted,3,PixelWare Tablet Pro 29,target_market_region,EU,pixelware tablet pro 29|target_market_region|eu,1,[0.98],True,0,0.735,0.735,0.88,False,0.735,False,False,"[""product_29""]","[""structured""]","[""structured_row:PixelWare Tablet Pro 29""]",0,579,candidate
DEC023_NO_FEEDBACK,train_kb,conservative_noisy_or_conflict_adjusted,3,PixelWare Tablet Pro 29,supports_fast_charging,yes,pixelware tablet pro 29|supports_fast_charging|yes,1,[0.98],True,0,0.735,0.735,0.88,False,0.735,False,False,"[""product_29""]","[""structured""]","[""structured_row:PixelWare Tablet Pro 29""]",1,579,candidate
DEC023_NO_FEEDBACK,train_kb,conservative_noisy_or_conflict_adjusted,3,PixelWare Tablet Pro 29,has_noise_cancellation,no,pixelware tablet pro 29|has_noise_cancellation|no,1,[0.98],True,0,0.735,0.735,0.88,False,0.735,False,False,"[""product_29""]","[""structured""]","[""structured_row:PixelWare Tablet Pro 29""]",0,579,candidate
DEC023_NO_FEEDBACK,train_kb,conservative_noisy_or_conflict_adjusted,3,TechNova Smartphone Pro 1,has_price_usd,899,technova smartphone pro 1|has_price_usd|899,1,[0.92],True,2,0.6900000000000001,0.23,0.88,False,0.23,False,False,"[""product_29""]","[""unstructured""]","[""It is a tablet device. Priced at 899 USD. Offers 1024GB of internal storage. Battery lasts up to 14 hours. Weighs approximately 0.18kg. Available in silver. Fast charging is yes.""]",0,579,candidate
DEC023_NO_FEEDBACK,train_kb,conservative_noisy_or_conflict_adjusted,3,TechNova Smartphone Pro 1,has_storage_gb,1024,technova smartphone pro 1|has_storage_gb|1024,1,[0.93],True,3,0.6975,0.174375,0.88,False,0.174375,False,False,"[""product_29""]","[""unstructured""]","[""It is a tablet device. Priced at 899 USD. Offers 1024GB of internal storage. Battery lasts up to 14 hours. Weighs approximately 0.18kg. Available in silver. Fast charging is yes.""]",0,579,candidate
DEC023_NO_FEEDBACK,train_kb,conservative_noisy_or_conflict_adjusted,3,TechNova Smartphone Pro 1,has_battery_life_hours,14,technova smartphone pro 1|has_battery_life_hours|14,1,[0.94],True,4,0.705,0.141,0.88,False,0.141,False,False,"[""product_29""]","[""unstructured""]","[""It is a tablet device. Priced at 899 USD. Offers 1024GB of internal storage. Battery lasts up to 14 hours. Weighs approximately 0.18kg. Available in silver. Fast charging is yes.""]",0,579,candidate
DEC023_NO_FEEDBACK,train_kb,conservative_noisy_or_conflict_adjusted,3,TechNova Smartphone Pro 1,has_color,silver,technova smartphone pro 1|has_color|silver,1,[0.96],False,2,0.72,0.72,0.88,False,0.72,False,False,"[""product_29""]","[""unstructured""]","[""It is a tablet device. Priced at 899 USD. Offers 1024GB of internal storage. Battery lasts up to 14 hours. Weighs approximately 0.18kg. Available in silver. Fast charging is yes.""]",0,579,candidate
DEC023_NO_FEEDBACK,train_kb,conservative_noisy_or_conflict_adjusted,3,Zenbyte Tablet Max 30,manufactured_by,Zenbyte,zenbyte tablet max 30|manufactured_by|zenbyte,3,"[0.98, 0.95, 0.9]",True,0,0.9752390625,0.9752390625,0.88,True,0.9238124999999999,False,False,"[""product_30"", ""product_30"", ""product_30""]","[""structured"", ""unstructured"", ""unstructured""]","[""structured_row:Zenbyte Tablet Max 30"", ""Zenbyte Tablet Max 30 is manufactured by Zenbyte. The display measures 11.0 inches. Comes with 8GB of RAM. Weighs approximately 1.45kg. Available in green. Targeted at the Global market. Noise cancellation: no."", ""Zenbyte Tablet Max 30 is manufactured by Zenbyte. The display measures 11.0 inches. Comes with 8GB of RAM. Weighs approximately 1.45kg. Available in green. Targeted at the Global market. Noise cancellation: no.""]",1,579,candidate
DEC023_NO_FEEDBACK,train_kb,conservative_noisy_or_conflict_adjusted,3,Zenbyte Tablet Max 30,belongs_to_category,tablet,zenbyte tablet max 30|belongs_to_category|tablet,1,[0.98],True,0,0.735,0.735,0.88,False,0.735,False,False,"[""product_30""]","[""structured""]","[""structured_row:Zenbyte Tablet Max 30""]",0,579,candidate
DEC023_NO_FEEDBACK,train_kb,conservative_noisy_or_conflict_adjusted,3,Zenbyte Tablet Max 30,has_price_usd,1099,zenbyte tablet max 30|has_price_usd|1099,1,[0.98],True,0,0.735,0.735,0.88,False,0.735,False,False,"[""product_30""]","[""structured""]","[""structured_row:Zenbyte Tablet Max 30""]",0,579,candidate
DEC023_NO_FEEDBACK,train_kb,conservative_noisy_or_conflict_adjusted,3,Zenbyte Tablet Max 30,has_screen_size_inch,11.0,zenbyte tablet max 30|has_screen_size_inch|11.0,3,"[0.98, 0.95, 0.9]",True,0,0.9752390625,0.9752390625,0.88,True,0.9238124999999999,False,False,"[""product_30"", ""product_30"", ""product_30""]","[""structured"", ""unstructured"", ""unstructured""]","[""structured_row:Zenbyte Tablet Max 30"", ""Zenbyte Tablet Max 30 is manufactured by Zenbyte. The display measures 11.0 inches. Comes with 8GB of RAM. Weighs approximately 1.45kg. Available in green. Targeted at the Global market. Noise cancellation: no."", ""Zenbyte Tablet Max 30 is manufactured by Zenbyte. The display measures 11.0 inches. Comes with 8GB of RAM. Weighs approximately 1.45kg. Available in green. Targeted at the Global market. Noise cancellation: no.""]",1,579,candidate
DEC023_NO_FEEDBACK,train_kb,conservative_noisy_or_conflict_adjusted,3,Zenbyte Tablet Max 30,has_ram_gb,8,zenbyte tablet max 30|has_ram_gb|8,3,"[0.98, 0.95, 0.9]",True,0,0.9752390625,0.9752390625,0.88,True,0.9238124999999999,False,False,"[""product_30"", ""product_30"", ""product_30""]","[""structured"", ""unstructured"", ""unstructured""]","[""structured_row:Zenbyte Tablet Max 30"", ""Zenbyte Tablet Max 30 is manufactured by Zenbyte. The display measures 11.0 inches. Comes with 8GB of RAM. Weighs approximately 1.45kg. Available in green. Targeted at the Global market. Noise cancellation: no."", ""Zenbyte Tablet Max 30 is manufactured by Zenbyte. The display measures 11.0 inches. Comes with 8GB of RAM. Weighs approximately 1.45kg. Available in green. Targeted at the Global market. Noise cancellation: no.""]",1,579,candidate
DEC023_NO_FEEDBACK,train_kb,conservative_noisy_or_conflict_adjusted,3,Zenbyte Tablet Max 30,has_storage_gb,128,zenbyte tablet max 30|has_storage_gb|128,1,[0.98],True,0,0.735,0.735,0.88,False,0.735,False,False,"[""product_30""]","[""structured""]","[""structured_row:Zenbyte Tablet Max 30""]",0,579,candidate
DEC023_NO_FEEDBACK,train_kb,conservative_noisy_or_conflict_adjusted,3,Zenbyte Tablet Max 30,has_battery_life_hours,24,zenbyte tablet max 30|has_battery_life_hours|24,1,[0.98],True,0,0.735,0.735,0.88,False,0.735,False,False,"[""product_30""]","[""structured""]","[""structured_row:Zenbyte Tablet Max 30""]",0,579,candidate
DEC023_NO_FEEDBACK,train_kb,conservative_noisy_or_conflict_adjusted,3,Zenbyte Tablet Max 30,has_weight_kg,1.45,zenbyte tablet max 30|has_weight_kg|1.45,3,"[0.98, 0.95, 0.9]",True,0,0.9752390625,0.9752390625,0.88,True,0.9238124999999999,False,False,"[""product_30"", ""product_30"", ""product_30""]","[""structured"", ""unstructured"", ""unstructured""]","[""structured_row:Zenbyte Tablet Max 30"", ""Zenbyte Tablet Max 30 is manufactured by Zenbyte. The display measures 11.0 inches. Comes with 8GB of RAM. Weighs approximately 1.45kg. Available in green. Targeted at the Global market. Noise cancellation: no."", ""Zenbyte Tablet Max 30 is manufactured by Zenbyte. The display measures 11.0 inches. Comes with 8GB of RAM. Weighs approximately 1.45kg. Available in green. Targeted at the Global market. Noise cancellation: no.""]",1,579,candidate
DEC023_NO_FEEDBACK,train_kb,conservative_noisy_or_conflict_adjusted,3,Zenbyte Tablet Max 30,has_color,green,zenbyte tablet max 30|has_color|green,3,"[0.98, 0.95, 0.9]",False,0,0.9752390625,0.9752390625,0.88,True,0.9238124999999999,False,False,"[""product_30"", ""product_30"", ""product_30""]","[""structured"", ""unstructured"", ""unstructured""]","[""structured_row:Zenbyte Tablet Max 30"", ""Zenbyte Tablet Max 30 is manufactured by Zenbyte. The display measures 11.0 inches. Comes with 8GB of RAM. Weighs approximately 1.45kg. Available in green. Targeted at the Global market. Noise cancellation: no."", ""Zenbyte Tablet Max 30 is manufactured by Zenbyte. The display measures 11.0 inches. Comes with 8GB of RAM. Weighs approximately 1.45kg. Available in green. Targeted at the Global market. Noise cancellation: no.""]",1,579,candidate
DEC023_NO_FEEDBACK,train_kb,conservative_noisy_or_conflict_adjusted,3,Zenbyte Tablet Max 30,made_of_material,plastic,zenbyte tablet max 30|made_of_material|plastic,1,[0.98],True,0,0.735,0.735,0.88,False,0.735,False,False,"[""product_30""]","[""structured""]","[""structured_row:Zenbyte Tablet Max 30""]",0,579,candidate
DEC023_NO_FEEDBACK,train_kb,conservative_noisy_or_conflict_adjusted,3,Zenbyte Tablet Max 30,target_market_region,Global,zenbyte tablet max 30|target_market_region|global,3,"[0.98, 0.95, 0.9]",True,0,0.9752390625,0.9752390625,0.88,True,0.9238124999999999,False,False,"[""product_30"", ""product_30"", ""product_30""]","[""structured"", ""unstructured"", ""unstructured""]","[""structured_row:Zenbyte Tablet Max 30"", ""Zenbyte Tablet Max 30 is manufactured by Zenbyte. The display measures 11.0 inches. Comes with 8GB of RAM. Weighs approximately 1.45kg. Available in green. Targeted at the Global market. Noise cancellation: no."", ""Zenbyte Tablet Max 30 is manufactured by Zenbyte. The display measures 11.0 inches. Comes with 8GB of RAM. Weighs approximately 1.45kg. Available in green. Targeted at the Global market. Noise cancellation: no.""]",1,579,candidate
DEC023_NO_FEEDBACK,train_kb,conservative_noisy_or_conflict_adjusted,3,Zenbyte Tablet Max 30,supports_fast_charging,no,zenbyte tablet max 30|supports_fast_charging|no,3,"[0.98, 0.95, 0.9]",True,0,0.9752390625,0.9752390625,0.88,True,0.9238124999999999,False,False,"[""product_30"", ""product_30"", ""product_30""]","[""structured"", ""unstructured"", ""unstructured""]","[""structured_row:Zenbyte Tablet Max 30"", ""Zenbyte Tablet Max 30 is manufactured by Zenbyte. The display measures 11.0 inches. Comes with 8GB of RAM. Weighs approximately 1.45kg. Available in green. Targeted at the Global market. Noise cancellation: no."", ""Zenbyte Tablet Max 30 is manufactured by Zenbyte. The display measures 11.0 inches. Comes with 8GB of RAM. Weighs approximately 1.45kg. Available in green. Targeted at the Global market. Noise cancellation: no.""]",0,579,candidate
DEC023_NO_FEEDBACK,train_kb,conservative_noisy_or_conflict_adjusted,3,Zenbyte Tablet Max 30,has_noise_cancellation,no,zenbyte tablet max 30|has_noise_cancellation|no,3,"[0.98, 0.95, 0.9]",True,0,0.9752390625,0.9752390625,0.88,True,0.9238124999999999,False,False,"[""product_30"", ""product_30"", ""product_30""]","[""structured"", ""unstructured"", ""unstructured""]","[""structured_row:Zenbyte Tablet Max 30"", ""Zenbyte Tablet Max 30 is manufactured by Zenbyte. The display measures 11.0 inches. Comes with 8GB of RAM. Weighs approximately 1.45kg. Available in green. Targeted at the Global market. Noise cancellation: no."", ""Zenbyte Tablet Max 30 is manufactured by Zenbyte. The display measures 11.0 inches. Comes with 8GB of RAM. Weighs approximately 1.45kg. Available in green. Targeted at the Global market. Noise cancellation: no.""]",1,579,candidate
DEC023_NO_FEEDBACK,train_kb,conservative_noisy_or_conflict_adjusted,3,PixelWare Headphones Plus 31,manufactured_by,PixelWare,pixelware headphones plus 31|manufactured_by|pixelware,1,[0.98],True,0,0.735,0.735,0.88,False,0.735,False,False,"[""product_31""]","[""structured""]","[""structured_row:PixelWare Headphones Plus 31""]",0,579,candidate
DEC023_NO_FEEDBACK,train_kb,conservative_noisy_or_conflict_adjusted,3,PixelWare Headphones Plus 31,belongs_to_category,headphones,pixelware headphones plus 31|belongs_to_category|headphones,1,[0.98],True,0,0.735,0.735,0.88,False,0.735,False,False,"[""product_31""]","[""structured""]","[""structured_row:PixelWare Headphones Plus 31""]",1,579,candidate
DEC023_NO_FEEDBACK,train_kb,conservative_noisy_or_conflict_adjusted,3,PixelWare Headphones Plus 31,has_price_usd,249,pixelware headphones plus 31|has_price_usd|249,1,[0.98],True,0,0.735,0.735,0.88,False,0.735,False,False,"[""product_31""]","[""structured""]","[""structured_row:PixelWare Headphones Plus 31""]",0,579,candidate
DEC023_NO_FEEDBACK,train_kb,conservative_noisy_or_conflict_adjusted,3,PixelWare Headphones Plus 31,has_screen_size_inch,6.7,pixelware headphones plus 31|has_screen_size_inch|6.7,1,[0.98],True,0,0.735,0.735,0.88,False,0.735,False,False,"[""product_31""]","[""structured""]","[""structured_row:PixelWare Headphones Plus 31""]",1,579,candidate
DEC023_NO_FEEDBACK,train_kb,conservative_noisy_or_conflict_adjusted,3,PixelWare Headphones Plus 31,has_ram_gb,6,pixelware headphones plus 31|has_ram_gb|6,1,[0.98],True,0,0.735,0.735,0.88,False,0.735,False,False,"[""product_31""]","[""structured""]","[""structured_row:PixelWare Headphones Plus 31""]",0,579,candidate
DEC023_NO_FEEDBACK,train_kb,conservative_noisy_or_conflict_adjusted,3,PixelWare Headphones Plus 31,has_storage_gb,128,pixelware headphones plus 31|has_storage_gb|128,1,[0.98],True,0,0.735,0.735,0.88,False,0.735,False,False,"[""product_31""]","[""structured""]","[""structured_row:PixelWare Headphones Plus 31""]",1,579,candidate
DEC023_NO_FEEDBACK,train_kb,conservative_noisy_or_conflict_adjusted,3,PixelWare Headphones Plus 31,has_battery_life_hours,14,pixelware headphones plus 31|has_battery_life_hours|14,1,[0.98],True,0,0.735,0.735,0.88,False,0.735,False,False,"[""product_31""]","[""structured""]","[""structured_row:PixelWare Headphones Plus 31""]",1,579,candidate
DEC023_NO_FEEDBACK,train_kb,conservative_noisy_or_conflict_adjusted,3,PixelWare Headphones Plus 31,has_weight_kg,1.45,pixelware headphones plus 31|has_weight_kg|1.45,1,[0.98],True,0,0.735,0.735,0.88,False,0.735,False,False,"[""product_31""]","[""structured""]","[""structured_row:PixelWare Headphones Plus 31""]",1,579,candidate
DEC023_NO_FEEDBACK,train_kb,conservative_noisy_or_conflict_adjusted,3,PixelWare Headphones Plus 31,has_color,blue,pixelware headphones plus 31|has_color|blue,1,[0.98],False,0,0.735,0.735,0.88,False,0.735,False,False,"[""product_31""]","[""structured""]","[""structured_row:PixelWare Headphones Plus 31""]",1,579,candidate
DEC023_NO_FEEDBACK,train_kb,conservative_noisy_or_conflict_adjusted,3,PixelWare Headphones Plus 31,made_of_material,plastic,pixelware headphones plus 31|made_of_material|plastic,1,[0.98],True,0,0.735,0.735,0.88,False,0.735,False,False,"[""product_31""]","[""structured""]","[""structured_row:PixelWare Headphones Plus 31""]",0,579,candidate
DEC023_NO_FEEDBACK,train_kb,conservative_noisy_or_conflict_adjusted,3,PixelWare Headphones Plus 31,target_market_region,APAC,pixelware headphones plus 31|target_market_region|apac,1,[0.98],True,0,0.735,0.735,0.88,False,0.735,False,False,"[""product_31""]","[""structured""]","[""structured_row:PixelWare Headphones Plus 31""]",0,579,candidate
DEC023_NO_FEEDBACK,train_kb,conservative_noisy_or_conflict_adjusted,3,PixelWare Headphones Plus 31,supports_fast_charging,yes,pixelware headphones plus 31|supports_fast_charging|yes,1,[0.98],True,0,0.735,0.735,0.88,False,0.735,False,False,"[""product_31""]","[""structured""]","[""structured_row:PixelWare Headphones Plus 31""]",1,579,candidate
DEC023_NO_FEEDBACK,train_kb,conservative_noisy_or_conflict_adjusted,3,PixelWare Headphones Plus 31,has_noise_cancellation,yes,pixelware headphones plus 31|has_noise_cancellation|yes,1,[0.98],True,0,0.735,0.735,0.88,False,0.735,False,False,"[""product_31""]","[""structured""]","[""structured_row:PixelWare Headphones Plus 31""]",0,579,candidate
DEC023_NO_FEEDBACK,train_kb,conservative_noisy_or_conflict_adjusted,3,PixelWare Smartphone Plus 32,manufactured_by,PixelWare,pixelware smartphone plus 32|manufactured_by|pixelware,1,[0.98],True,0,0.735,0.735,0.88,False,0.735,False,False,"[""product_32""]","[""structured""]","[""structured_row:PixelWare Smartphone Plus 32""]",0,579,candidate
DEC023_NO_FEEDBACK,train_kb,conservative_noisy_or_conflict_adjusted,3,PixelWare Smartphone Plus 32,belongs_to_category,smartphone,pixelware smartphone plus 32|belongs_to_category|smartphone,1,[0.98],True,0,0.735,0.735,0.88,False,0.735,False,False,"[""product_32""]","[""structured""]","[""structured_row:PixelWare Smartphone Plus 32""]",1,579,candidate
DEC023_NO_FEEDBACK,train_kb,conservative_noisy_or_conflict_adjusted,3,PixelWare Smartphone Plus 32,has_price_usd,899,pixelware smartphone plus 32|has_price_usd|899,1,[0.98],True,0,0.735,0.735,0.88,False,0.735,False,False,"[""product_32""]","[""structured""]","[""structured_row:PixelWare Smartphone Plus 32""]",0,579,candidate
DEC023_NO_FEEDBACK,train_kb,conservative_noisy_or_conflict_adjusted,3,PixelWare Smartphone Plus 32,has_screen_size_inch,11.0,pixelware smartphone plus 32|has_screen_size_inch|11.0,1,[0.98],True,0,0.735,0.735,0.88,False,0.735,False,False,"[""product_32""]","[""structured""]","[""structured_row:PixelWare Smartphone Plus 32""]",1,579,candidate
DEC023_NO_FEEDBACK,train_kb,conservative_noisy_or_conflict_adjusted,3,PixelWare Smartphone Plus 32,has_ram_gb,4,pixelware smartphone plus 32|has_ram_gb|4,1,[0.98],True,0,0.735,0.735,0.88,False,0.735,False,False,"[""product_32""]","[""structured""]","[""structured_row:PixelWare Smartphone Plus 32""]",0,579,candidate
DEC023_NO_FEEDBACK,train_kb,conservative_noisy_or_conflict_adjusted,3,PixelWare Smartphone Plus 32,has_storage_gb,256,pixelware smartphone plus 32|has_storage_gb|256,1,[0.98],True,0,0.735,0.735,0.88,False,0.735,False,False,"[""product_32""]","[""structured""]","[""structured_row:PixelWare Smartphone Plus 32""]",0,579,candidate
DEC023_NO_FEEDBACK,train_kb,conservative_noisy_or_conflict_adjusted,3,PixelWare Smartphone Plus 32,has_battery_life_hours,12,pixelware smartphone plus 32|has_battery_life_hours|12,1,[0.98],True,0,0.735,0.735,0.88,False,0.735,False,False,"[""product_32""]","[""structured""]","[""structured_row:PixelWare Smartphone Plus 32""]",1,579,candidate
DEC023_NO_FEEDBACK,train_kb,conservative_noisy_or_conflict_adjusted,3,PixelWare Smartphone Plus 32,has_weight_kg,1.8,pixelware smartphone plus 32|has_weight_kg|1.8,1,[0.98],True,0,0.735,0.735,0.88,False,0.735,False,False,"[""product_32""]","[""structured""]","[""structured_row:PixelWare Smartphone Plus 32""]",1,579,candidate
DEC023_NO_FEEDBACK,train_kb,conservative_noisy_or_conflict_adjusted,3,PixelWare Smartphone Plus 32,has_color,white,pixelware smartphone plus 32|has_color|white,1,[0.98],False,0,0.735,0.735,0.88,False,0.735,False,False,"[""product_32""]","[""structured""]","[""structured_row:PixelWare Smartphone Plus 32""]",1,579,candidate
DEC023_NO_FEEDBACK,train_kb,conservative_noisy_or_conflict_adjusted,3,PixelWare Smartphone Plus 32,made_of_material,plastic,pixelware smartphone plus 32|made_of_material|plastic,1,[0.98],True,0,0.735,0.735,0.88,False,0.735,False,False,"[""product_32""]","[""structured""]","[""structured_row:PixelWare Smartphone Plus 32""]",1,579,candidate
DEC023_NO_FEEDBACK,train_kb,conservative_noisy_or_conflict_adjusted,3,PixelWare Smartphone Plus 32,target_market_region,EU,pixelware smartphone plus 32|target_market_region|eu,1,[0.98],True,0,0.735,0.735,0.88,False,0.735,False,False,"[""product_32""]","[""structured""]","[""structured_row:PixelWare Smartphone Plus 32""]",0,579,candidate
DEC023_NO_FEEDBACK,train_kb,conservative_noisy_or_conflict_adjusted,3,PixelWare Smartphone Plus 32,supports_fast_charging,no,pixelware smartphone plus 32|supports_fast_charging|no,1,[0.98],True,0,0.735,0.735,0.88,False,0.735,False,False,"[""product_32""]","[""structured""]","[""structured_row:PixelWare Smartphone Plus 32""]",1,579,candidate
DEC023_NO_FEEDBACK,train_kb,conservative_noisy_or_conflict_adjusted,3,PixelWare Smartphone Plus 32,has_noise_cancellation,no,pixelware smartphone plus 32|has_noise_cancellation|no,1,[0.98],True,0,0.735,0.735,0.88,False,0.735,False,False,"[""product_32""]","[""structured""]","[""structured_row:PixelWare Smartphone Plus 32""]",0,579,candidate
DEC023_NO_FEEDBACK,train_kb,conservative_noisy_or_conflict_adjusted,3,PixelWare Tablet Lite 34,manufactured_by,PixelWare,pixelware tablet lite 34|manufactured_by|pixelware,3,"[0.98, 0.85, 0.91]",True,0,0.96950015625,0.96950015625,0.88,True,0.9039375,False,False,"[""product_34"", ""product_34"", ""product_34""]","[""structured"", ""unstructured"", ""unstructured""]","[""structured_row:PixelWare Tablet Lite 34"", ""PixelWare Tablet Lite 34 is manufactured by PixelWare. It is a tablet device. Comes with 8GB of RAM. Offers 256GB of internal storage. Battery lasts up to 24 hours. Weighs approximately 0.55kg. Noise cancellation: no."", ""PixelWare Tablet Lite 34 is manufactured by PixelWare. It is a tablet device. Comes with 8GB of RAM. Offers 256GB of internal storage. Battery lasts up to 24 hours. Weighs approximately 0.55kg. Noise cancellation: no.""]",1,579,candidate
DEC023_NO_FEEDBACK,train_kb,conservative_noisy_or_conflict_adjusted,3,PixelWare Tablet Lite 34,belongs_to_category,tablet,pixelware tablet lite 34|belongs_to_category|tablet,1,[0.98],True,0,0.735,0.735,0.88,False,0.735,False,False,"[""product_34""]","[""structured""]","[""structured_row:PixelWare Tablet Lite 34""]",1,579,candidate
DEC023_NO_FEEDBACK,train_kb,conservative_noisy_or_conflict_adjusted,3,PixelWare Tablet Lite 34,has_price_usd,349,pixelware tablet lite 34|has_price_usd|349,1,[0.98],True,0,0.735,0.735,0.88,False,0.735,False,False,"[""product_34""]","[""structured""]","[""structured_row:PixelWare Tablet Lite 34""]",0,579,candidate
DEC023_NO_FEEDBACK,train_kb,conservative_noisy_or_conflict_adjusted,3,PixelWare Tablet Lite 34,has_screen_size_inch,11.0,pixelware tablet lite 34|has_screen_size_inch|11.0,1,[0.98],True,0,0.735,0.735,0.88,False,0.735,False,False,"[""product_34""]","[""structured""]","[""structured_row:PixelWare Tablet Lite 34""]",0,579,candidate
DEC023_NO_FEEDBACK,train_kb,conservative_noisy_or_conflict_adjusted,3,PixelWare Tablet Lite 34,has_ram_gb,8,pixelware tablet lite 34|has_ram_gb|8,3,"[0.98, 0.92, 0.91]",True,0,0.973917375,0.973917375,0.88,True,0.91785,False,False,"[""product_34"", ""product_34"", ""product_34""]","[""structured"", ""unstructured"", ""unstructured""]","[""structured_row:PixelWare Tablet Lite 34"", ""PixelWare Tablet Lite 34 is manufactured by PixelWare. It is a tablet device. Comes with 8GB of RAM. Offers 256GB of internal storage. Battery lasts up to 24 hours. Weighs approximately 0.55kg. Noise cancellation: no."", ""PixelWare Tablet Lite 34 is manufactured by PixelWare. It is a tablet device. Comes with 8GB of RAM. Offers 256GB of internal storage. Battery lasts up to 24 hours. Weighs approximately 0.55kg. Noise cancellation: no.""]",1,579,candidate
DEC023_NO_FEEDBACK,train_kb,conservative_noisy_or_conflict_adjusted,3,PixelWare Tablet Lite 34,has_storage_gb,256,pixelware tablet lite 34|has_storage_gb|256,3,"[0.98, 0.88, 0.91]",True,0,0.97139325,0.97139325,0.88,True,0.9099,False,False,"[""product_34"", ""product_34"", ""product_34""]","[""structured"", ""unstructured"", ""unstructured""]","[""structured_row:PixelWare Tablet Lite 34"", ""PixelWare Tablet Lite 34 is manufactured by PixelWare. It is a tablet device. Comes with 8GB of RAM. Offers 256GB of internal storage. Battery lasts up to 24 hours. Weighs approximately 0.55kg. Noise cancellation: no."", ""PixelWare Tablet Lite 34 is manufactured by PixelWare. It is a tablet device. Comes with 8GB of RAM. Offers 256GB of internal storage. Battery lasts up to 24 hours. Weighs approximately 0.55kg. Noise cancellation: no.""]",1,579,candidate
DEC023_NO_FEEDBACK,train_kb,conservative_noisy_or_conflict_adjusted,3,PixelWare Tablet Lite 34,has_battery_life_hours,24,pixelware tablet lite 34|has_battery_life_hours|24,3,"[0.98, 0.9, 0.91]",True,0,0.9726553125,0.9726553125,0.88,True,0.913875,False,False,"[""product_34"", ""product_34"", ""product_34""]","[""structured"", ""unstructured"", ""unstructured""]","[""structured_row:PixelWare Tablet Lite 34"", ""PixelWare Tablet Lite 34 is manufactured by PixelWare. It is a tablet device. Comes with 8GB of RAM. Offers 256GB of internal storage. Battery lasts up to 24 hours. Weighs approximately 0.55kg. Noise cancellation: no."", ""PixelWare Tablet Lite 34 is manufactured by PixelWare. It is a tablet device. Comes with 8GB of RAM. Offers 256GB of internal storage. Battery lasts up to 24 hours. Weighs approximately 0.55kg. Noise cancellation: no.""]",1,579,candidate
DEC023_NO_FEEDBACK,train_kb,conservative_noisy_or_conflict_adjusted,3,PixelWare Tablet Lite 34,has_weight_kg,0.55,pixelware tablet lite 34|has_weight_kg|0.55,3,"[0.98, 0.89, 0.91]",True,0,0.97202428125,0.97202428125,0.88,True,0.9118875,False,False,"[""product_34"", ""product_34"", ""product_34""]","[""structured"", ""unstructured"", ""unstructured""]","[""structured_row:PixelWare Tablet Lite 34"", ""PixelWare Tablet Lite 34 is manufactured by PixelWare. It is a tablet device. Comes with 8GB of RAM. Offers 256GB of internal storage. Battery lasts up to 24 hours. Weighs approximately 0.55kg. Noise cancellation: no."", ""PixelWare Tablet Lite 34 is manufactured by PixelWare. It is a tablet device. Comes with 8GB of RAM. Offers 256GB of internal storage. Battery lasts up to 24 hours. Weighs approximately 0.55kg. Noise cancellation: no.""]",1,579,candidate
DEC023_NO_FEEDBACK,train_kb,conservative_noisy_or_conflict_adjusted,3,PixelWare Tablet Lite 34,has_color,black,pixelware tablet lite 34|has_color|black,1,[0.98],False,0,0.735,0.735,0.88,False,0.735,False,False,"[""product_34""]","[""structured""]","[""structured_row:PixelWare Tablet Lite 34""]",0,579,candidate
DEC023_NO_FEEDBACK,train_kb,conservative_noisy_or_conflict_adjusted,3,PixelWare Tablet Lite 34,made_of_material,plastic,pixelware tablet lite 34|made_of_material|plastic,1,[0.98],True,0,0.735,0.735,0.88,False,0.735,False,False,"[""product_34""]","[""structured""]","[""structured_row:PixelWare Tablet Lite 34""]",0,579,candidate
DEC023_NO_FEEDBACK,train_kb,conservative_noisy_or_conflict_adjusted,3,PixelWare Tablet Lite 34,target_market_region,Global,pixelware tablet lite 34|target_market_region|global,1,[0.98],True,0,0.735,0.735,0.88,False,0.735,False,False,"[""product_34""]","[""structured""]","[""structured_row:PixelWare Tablet Lite 34""]",0,579,candidate
DEC023_NO_FEEDBACK,train_kb,conservative_noisy_or_conflict_adjusted,3,PixelWare Tablet Lite 34,supports_fast_charging,no,pixelware tablet lite 34|supports_fast_charging|no,1,[0.98],True,0,0.735,0.735,0.88,False,0.735,False,False,"[""product_34""]","[""structured""]","[""structured_row:PixelWare Tablet Lite 34""]",0,579,candidate
DEC023_NO_FEEDBACK,train_kb,conservative_noisy_or_conflict_adjusted,3,PixelWare Tablet Lite 34,has_noise_cancellation,no,pixelware tablet lite 34|has_noise_cancellation|no,3,"[0.98, 0.86, 0.91]",True,0,0.9701311875,0.9701311875,0.88,True,0.905925,False,False,"[""product_34"", ""product_34"", ""product_34""]","[""structured"", ""unstructured"", ""unstructured""]","[""structured_row:PixelWare Tablet Lite 34"", ""PixelWare Tablet Lite 34 is manufactured by PixelWare. It is a tablet device. Comes with 8GB of RAM. Offers 256GB of internal storage. Battery lasts up to 24 hours. Weighs approximately 0.55kg. Noise cancellation: no."", ""PixelWare Tablet Lite 34 is manufactured by PixelWare. It is a tablet device. Comes with 8GB of RAM. Offers 256GB of internal storage. Battery lasts up to 24 hours. Weighs approximately 0.55kg. Noise cancellation: no.""]",1,579,candidate
DEC023_NO_FEEDBACK,train_kb,conservative_noisy_or_conflict_adjusted,3,NeoTech Headphones Max 36,manufactured_by,NeoTech,neotech headphones max 36|manufactured_by|neotech,1,[0.98],True,0,0.735,0.735,0.88,False,0.735,False,False,"[""product_36""]","[""structured""]","[""structured_row:NeoTech Headphones Max 36""]",0,579,candidate
DEC023_NO_FEEDBACK,train_kb,conservative_noisy_or_conflict_adjusted,3,NeoTech Headphones Max 36,belongs_to_category,headphones,neotech headphones max 36|belongs_to_category|headphones,1,[0.98],True,0,0.735,0.735,0.88,False,0.735,False,False,"[""product_36""]","[""structured""]","[""structured_row:NeoTech Headphones Max 36""]",1,579,candidate
DEC023_NO_FEEDBACK,train_kb,conservative_noisy_or_conflict_adjusted,3,NeoTech Headphones Max 36,has_price_usd,499,neotech headphones max 36|has_price_usd|499,1,[0.98],True,0,0.735,0.735,0.88,False,0.735,False,False,"[""product_36""]","[""structured""]","[""structured_row:NeoTech Headphones Max 36""]",0,579,candidate
DEC023_NO_FEEDBACK,train_kb,conservative_noisy_or_conflict_adjusted,3,NeoTech Headphones Max 36,has_screen_size_inch,6.1,neotech headphones max 36|has_screen_size_inch|6.1,1,[0.98],True,0,0.735,0.735,0.88,False,0.735,False,False,"[""product_36""]","[""structured""]","[""structured_row:NeoTech Headphones Max 36""]",1,579,candidate
DEC023_NO_FEEDBACK,train_kb,conservative_noisy_or_conflict_adjusted,3,NeoTech Headphones Max 36,has_ram_gb,16,neotech headphones max 36|has_ram_gb|16,1,[0.98],True,0,0.735,0.735,0.88,False,0.735,False,False,"[""product_36""]","[""structured""]","[""structured_row:NeoTech Headphones Max 36""]",0,579,candidate
DEC023_NO_FEEDBACK,train_kb,conservative_noisy_or_conflict_adjusted,3,NeoTech Headphones Max 36,has_storage_gb,64,neotech headphones max 36|has_storage_gb|64,1,[0.98],True,0,0.735,0.735,0.88,False,0.735,False,False,"[""product_36""]","[""structured""]","[""structured_row:NeoTech Headphones Max 36""]",1,579,candidate
DEC023_NO_FEEDBACK,train_kb,conservative_noisy_or_conflict_adjusted,3,NeoTech Headphones Max 36,has_battery_life_hours,12,neotech headphones max 36|has_battery_life_hours|12,1,[0.98],True,0,0.735,0.735,0.88,False,0.735,False,False,"[""product_36""]","[""structured""]","[""structured_row:NeoTech Headphones Max 36""]",0,579,candidate
DEC023_NO_FEEDBACK,train_kb,conservative_noisy_or_conflict_adjusted,3,NeoTech Headphones Max 36,has_weight_kg,1.2,neotech headphones max 36|has_weight_kg|1.2,1,[0.98],True,0,0.735,0.735,0.88,False,0.735,False,False,"[""product_36""]","[""structured""]","[""structured_row:NeoTech Headphones Max 36""]",0,579,candidate
DEC023_NO_FEEDBACK,train_kb,conservative_noisy_or_conflict_adjusted,3,NeoTech Headphones Max 36,has_color,silver,neotech headphones max 36|has_color|silver,1,[0.98],False,0,0.735,0.735,0.88,False,0.735,False,False,"[""product_36""]","[""structured""]","[""structured_row:NeoTech Headphones Max 36""]",0,579,candidate
DEC023_NO_FEEDBACK,train_kb,conservative_noisy_or_conflict_adjusted,3,NeoTech Headphones Max 36,made_of_material,carbon fiber,neotech headphones max 36|made_of_material|carbon fiber,1,[0.98],True,0,0.735,0.735,0.88,False,0.735,False,False,"[""product_36""]","[""structured""]","[""structured_row:NeoTech Headphones Max 36""]",1,579,candidate
DEC023_NO_FEEDBACK,train_kb,conservative_noisy_or_conflict_adjusted,3,NeoTech Headphones Max 36,target_market_region,EU,neotech headphones max 36|target_market_region|eu,1,[0.98],True,0,0.735,0.735,0.88,False,0.735,False,False,"[""product_36""]","[""structured""]","[""structured_row:NeoTech Headphones Max 36""]",1,579,candidate
DEC023_NO_FEEDBACK,train_kb,conservative_noisy_or_conflict_adjusted,3,NeoTech Headphones Max 36,supports_fast_charging,no,neotech headphones max 36|supports_fast_charging|no,1,[0.98],True,0,0.735,0.735,0.88,False,0.735,False,False,"[""product_36""]","[""structured""]","[""structured_row:NeoTech Headphones Max 36""]",1,579,candidate
DEC023_NO_FEEDBACK,train_kb,conservative_noisy_or_conflict_adjusted,3,NeoTech Headphones Max 36,has_noise_cancellation,no,neotech headphones max 36|has_noise_cancellation|no,1,[0.98],True,0,0.735,0.735,0.88,False,0.735,False,False,"[""product_36""]","[""structured""]","[""structured_row:NeoTech Headphones Max 36""]",1,579,candidate
DEC023_NO_FEEDBACK,train_kb,conservative_noisy_or_conflict_adjusted,3,headphones device,has_screen_size_inch,6.1,headphones device|has_screen_size_inch|6.1,2,"[0.85, 0.85]",True,1,0.8685937499999999,0.43429687499999997,0.88,False,0.31875,False,False,"[""product_36"", ""product_36""]","[""unstructured"", ""unstructured""]","[""It is a headphones device. The display measures 6.1 inches. Offers 64GB of internal storage. Built with carbon fiber construction. Targeted at the EU market. Fast charging is no. Noise cancellation: no."", ""It is a headphones device. The display measures 6.1 inches. Offers 64GB of internal storage. Built with carbon fiber construction. Targeted at the EU market. Fast charging is no. Noise cancellation: no.""]",0,579,candidate
DEC023_NO_FEEDBACK,train_kb,conservative_noisy_or_conflict_adjusted,3,headphones device,has_storage_gb,64,headphones device|has_storage_gb|64,2,"[0.92, 0.85]",True,2,0.887625,0.295875,0.88,False,0.34500000000000003,False,False,"[""product_36"", ""product_36""]","[""unstructured"", ""unstructured""]","[""It is a headphones device. The display measures 6.1 inches. Offers 64GB of internal storage. Built with carbon fiber construction. Targeted at the EU market. Fast charging is no. Noise cancellation: no."", ""It is a headphones device. The display measures 6.1 inches. Offers 64GB of internal storage. Built with carbon fiber construction. Targeted at the EU market. Fast charging is no. Noise cancellation: no.""]",0,579,candidate
DEC023_NO_FEEDBACK,train_kb,conservative_noisy_or_conflict_adjusted,3,headphones device,made_of_material,carbon fiber,headphones device|made_of_material|carbon fiber,2,"[0.88, 0.85]",True,1,0.87675,0.438375,0.88,False,0.33,False,False,"[""product_36"", ""product_36""]","[""unstructured"", ""unstructured""]","[""It is a headphones device. The display measures 6.1 inches. Offers 64GB of internal storage. Built with carbon fiber construction. Targeted at the EU market. Fast charging is no. Noise cancellation: no."", ""It is a headphones device. The display measures 6.1 inches. Offers 64GB of internal storage. Built with carbon fiber construction. Targeted at the EU market. Fast charging is no. Noise cancellation: no.""]",0,579,candidate
DEC023_NO_FEEDBACK,train_kb,conservative_noisy_or_conflict_adjusted,3,headphones device,target_market_region,EU,headphones device|target_market_region|eu,2,"[0.9, 0.85]",True,1,0.8821875,0.44109375,0.88,False,0.3375,False,False,"[""product_36"", ""product_36""]","[""unstructured"", ""unstructured""]","[""It is a headphones device. The display measures 6.1 inches. Offers 64GB of internal storage. Built with carbon fiber construction. Targeted at the EU market. Fast charging is no. Noise cancellation: no."", ""It is a headphones device. The display measures 6.1 inches. Offers 64GB of internal storage. Built with carbon fiber construction. Targeted at the EU market. Fast charging is no. Noise cancellation: no.""]",0,579,candidate
DEC023_NO_FEEDBACK,train_kb,conservative_noisy_or_conflict_adjusted,3,headphones device,supports_fast_charging,no,headphones device|supports_fast_charging|no,5,"[0.85, 0.9, 0.91, 0.85, 0.91]",True,1,0.9956948643310547,0.49784743216552735,0.88,False,0.48129726562499997,False,False,"[""product_36"", ""product_37"", ""product_37"", ""product_36"", ""product_37""]","[""unstructured"", ""unstructured"", ""unstructured"", ""unstructured"", ""unstructured""]","[""It is a headphones device. The display measures 6.1 inches. Offers 64GB of internal storage. Built with carbon fiber construction. Targeted at the EU market. Fast charging is no. Noise cancellation: no."", ""It is a headphones device. Offers 256GB of internal storage. Battery lasts up to 8 hours. Weighs approximately 1.2kg. Available in green. Fast charging is no. Noise cancellation: yes."", ""It is a headphones device. Offers 256GB of internal storage. Battery lasts up to 8 hours. Weighs approximately 1.2kg. Available in green. Fast charging is no. Noise cancellation: yes."", ""It is a headphones device. The display measures 6.1 inches. Offers 64GB of internal storage. Built with carbon fiber construction. Targeted at the EU market. Fast charging is no. Noise cancellation: no."", ""It is a headphones device. Offers 256GB of internal storage. Battery lasts up to 8 hours. Weighs approximately 1.2kg. Available in green. Fast charging is no. Noise cancellation: yes.""]",0,579,candidate
DEC023_NO_FEEDBACK,train_kb,conservative_noisy_or_conflict_adjusted,3,headphones device,has_noise_cancellation,no,headphones device|has_noise_cancellation|no,2,"[0.89, 0.85]",True,1,0.87946875,0.439734375,0.88,False,0.33375,False,False,"[""product_36"", ""product_36""]","[""unstructured"", ""unstructured""]","[""It is a headphones device. The display measures 6.1 inches. Offers 64GB of internal storage. Built with carbon fiber construction. Targeted at the EU market. Fast charging is no. Noise cancellation: no."", ""It is a headphones device. The display measures 6.1 inches. Offers 64GB of internal storage. Built with carbon fiber construction. Targeted at the EU market. Fast charging is no. Noise cancellation: no.""]",0,579,candidate
DEC023_NO_FEEDBACK,train_kb,conservative_noisy_or_conflict_adjusted,3,TechNova Headphones Lite 37,manufactured_by,TechNova,technova headphones lite 37|manufactured_by|technova,1,[0.98],True,0,0.735,0.735,0.88,False,0.735,False,False,"[""product_37""]","[""structured""]","[""structured_row:TechNova Headphones Lite 37""]",0,579,candidate
DEC023_NO_FEEDBACK,train_kb,conservative_noisy_or_conflict_adjusted,3,TechNova Headphones Lite 37,belongs_to_category,headphones,technova headphones lite 37|belongs_to_category|headphones,1,[0.98],True,0,0.735,0.735,0.88,False,0.735,False,False,"[""product_37""]","[""structured""]","[""structured_row:TechNova Headphones Lite 37""]",1,579,candidate
DEC023_NO_FEEDBACK,train_kb,conservative_noisy_or_conflict_adjusted,3,TechNova Headphones Lite 37,has_price_usd,1299,technova headphones lite 37|has_price_usd|1299,1,[0.98],True,0,0.735,0.735,0.88,False,0.735,False,False,"[""product_37""]","[""structured""]","[""structured_row:TechNova Headphones Lite 37""]",0,579,candidate
DEC023_NO_FEEDBACK,train_kb,conservative_noisy_or_conflict_adjusted,3,TechNova Headphones Lite 37,has_screen_size_inch,11.0,technova headphones lite 37|has_screen_size_inch|11.0,1,[0.98],True,0,0.735,0.735,0.88,False,0.735,False,False,"[""product_37""]","[""structured""]","[""structured_row:TechNova Headphones Lite 37""]",0,579,candidate
DEC023_NO_FEEDBACK,train_kb,conservative_noisy_or_conflict_adjusted,3,TechNova Headphones Lite 37,has_ram_gb,32,technova headphones lite 37|has_ram_gb|32,1,[0.98],True,0,0.735,0.735,0.88,False,0.735,False,False,"[""product_37""]","[""structured""]","[""structured_row:TechNova Headphones Lite 37""]",0,579,candidate
DEC023_NO_FEEDBACK,train_kb,conservative_noisy_or_conflict_adjusted,3,TechNova Headphones Lite 37,has_storage_gb,256,technova headphones lite 37|has_storage_gb|256,1,[0.98],True,0,0.735,0.735,0.88,False,0.735,False,False,"[""product_37""]","[""structured""]","[""structured_row:TechNova Headphones Lite 37""]",1,579,candidate
DEC023_NO_FEEDBACK,train_kb,conservative_noisy_or_conflict_adjusted,3,TechNova Headphones Lite 37,has_battery_life_hours,8,technova headphones lite 37|has_battery_life_hours|8,1,[0.98],True,0,0.735,0.735,0.88,False,0.735,False,False,"[""product_37""]","[""structured""]","[""structured_row:TechNova Headphones Lite 37""]",1,579,candidate
DEC023_NO_FEEDBACK,train_kb,conservative_noisy_or_conflict_adjusted,3,TechNova Headphones Lite 37,has_weight_kg,1.2,technova headphones lite 37|has_weight_kg|1.2,1,[0.98],True,0,0.735,0.735,0.88,False,0.735,False,False,"[""product_37""]","[""structured""]","[""structured_row:TechNova Headphones Lite 37""]",1,579,candidate
DEC023_NO_FEEDBACK,train_kb,conservative_noisy_or_conflict_adjusted,3,TechNova Headphones Lite 37,has_color,green,technova headphones lite 37|has_color|green,1,[0.98],False,0,0.735,0.735,0.88,False,0.735,False,False,"[""product_37""]","[""structured""]","[""structured_row:TechNova Headphones Lite 37""]",1,579,candidate
DEC023_NO_FEEDBACK,train_kb,conservative_noisy_or_conflict_adjusted,3,TechNova Headphones Lite 37,made_of_material,aluminum,technova headphones lite 37|made_of_material|aluminum,1,[0.98],True,0,0.735,0.735,0.88,False,0.735,False,False,"[""product_37""]","[""structured""]","[""structured_row:TechNova Headphones Lite 37""]",0,579,candidate
DEC023_NO_FEEDBACK,train_kb,conservative_noisy_or_conflict_adjusted,3,TechNova Headphones Lite 37,target_market_region,EU,technova headphones lite 37|target_market_region|eu,1,[0.98],True,0,0.735,0.735,0.88,False,0.735,False,False,"[""product_37""]","[""structured""]","[""structured_row:TechNova Headphones Lite 37""]",0,579,candidate
DEC023_NO_FEEDBACK,train_kb,conservative_noisy_or_conflict_adjusted,3,TechNova Headphones Lite 37,supports_fast_charging,no,technova headphones lite 37|supports_fast_charging|no,1,[0.98],True,0,0.735,0.735,0.88,False,0.735,False,False,"[""product_37""]","[""structured""]","[""structured_row:TechNova Headphones Lite 37""]",1,579,candidate
DEC023_NO_FEEDBACK,train_kb,conservative_noisy_or_conflict_adjusted,3,TechNova Headphones Lite 37,has_noise_cancellation,yes,technova headphones lite 37|has_noise_cancellation|yes,1,[0.98],True,0,0.735,0.735,0.88,False,0.735,False,False,"[""product_37""]","[""structured""]","[""structured_row:TechNova Headphones Lite 37""]",1,579,candidate
DEC023_NO_FEEDBACK,train_kb,conservative_noisy_or_conflict_adjusted,3,headphones device,has_storage_gb,256,headphones device|has_storage_gb|256,2,"[0.95, 0.91]",True,2,0.90871875,0.30290625,0.88,False,0.454359375,False,False,"[""product_37"", ""product_37""]","[""unstructured"", ""unstructured""]","[""It is a headphones device. Offers 256GB of internal storage. Battery lasts up to 8 hours. Weighs approximately 1.2kg. Available in green. Fast charging is no. Noise cancellation: yes."", ""It is a headphones device. Offers 256GB of internal storage. Battery lasts up to 8 hours. Weighs approximately 1.2kg. Available in green. Fast charging is no. Noise cancellation: yes.""]",0,579,candidate
DEC023_NO_FEEDBACK,train_kb,conservative_noisy_or_conflict_adjusted,3,headphones device,has_battery_life_hours,8,headphones device|has_battery_life_hours|8,3,"[0.92, 0.91, 0.91]",True,0,0.9687500625,0.9687500625,0.88,True,0.901575,False,False,"[""product_37"", ""product_37"", ""product_37""]","[""unstructured"", ""unstructured"", ""unstructured""]","[""It is a headphones device. Offers 256GB of internal storage. Battery lasts up to 8 hours. Weighs approximately 1.2kg. Available in green. Fast charging is no. Noise cancellation: yes."", ""It is a headphones device. Offers 256GB of internal storage. Battery lasts up to 8 hours. Weighs approximately 1.2kg. Available in green. Fast charging is no. Noise cancellation: yes."", ""It is a headphones device. Offers 256GB of internal storage. Battery lasts up to 8 hours. Weighs approximately 1.2kg. Available in green. Fast charging is no. Noise cancellation: yes.""]",0,579,candidate
DEC023_NO_FEEDBACK,train_kb,conservative_noisy_or_conflict_adjusted,3,headphones device,has_weight_kg,1.2,headphones device|has_weight_kg|1.2,3,"[0.93, 0.91, 0.91]",True,0,0.969506109375,0.969506109375,0.88,True,0.90395625,False,False,"[""product_37"", ""product_37"", ""product_37""]","[""unstructured"", ""unstructured"", ""unstructured""]","[""It is a headphones device. Offers 256GB of internal storage. Battery lasts up to 8 hours. Weighs approximately 1.2kg. Available in green. Fast charging is no. Noise cancellation: yes."", ""It is a headphones device. Offers 256GB of internal storage. Battery lasts up to 8 hours. Weighs approximately 1.2kg. Available in green. Fast charging is no. Noise cancellation: yes."", ""It is a headphones device. Offers 256GB of internal storage. Battery lasts up to 8 hours. Weighs approximately 1.2kg. Available in green. Fast charging is no. Noise cancellation: yes.""]",0,579,candidate
DEC023_NO_FEEDBACK,train_kb,conservative_noisy_or_conflict_adjusted,3,headphones device,has_color,green,headphones device|has_color|green,3,"[0.94, 0.91, 0.91]",False,0,0.97026215625,0.97026215625,0.88,True,0.9063375,False,False,"[""product_37"", ""product_37"", ""product_37""]","[""unstructured"", ""unstructured"", ""unstructured""]","[""It is a headphones device. Offers 256GB of internal storage. Battery lasts up to 8 hours. Weighs approximately 1.2kg. Available in green. Fast charging is no. Noise cancellation: yes."", ""It is a headphones device. Offers 256GB of internal storage. Battery lasts up to 8 hours. Weighs approximately 1.2kg. Available in green. Fast charging is no. Noise cancellation: yes."", ""It is a headphones device. Offers 256GB of internal storage. Battery lasts up to 8 hours. Weighs approximately 1.2kg. Available in green. Fast charging is no. Noise cancellation: yes.""]",0,579,candidate
DEC023_NO_FEEDBACK,train_kb,conservative_noisy_or_conflict_adjusted,3,headphones device,has_noise_cancellation,yes,headphones device|has_noise_cancellation|yes,3,"[0.96, 0.91, 0.91]",True,1,0.97177425,0.485887125,0.88,False,0.45555,False,False,"[""product_37"", ""product_37"", ""product_37""]","[""unstructured"", ""unstructured"", ""unstructured""]","[""It is a headphones device. Offers 256GB of internal storage. Battery lasts up to 8 hours. Weighs approximately 1.2kg. Available in green. Fast charging is no. Noise cancellation: yes."", ""It is a headphones device. Offers 256GB of internal storage. Battery lasts up to 8 hours. Weighs approximately 1.2kg. Available in green. Fast charging is no. Noise cancellation: yes."", ""It is a headphones device. Offers 256GB of internal storage. Battery lasts up to 8 hours. Weighs approximately 1.2kg. Available in green. Fast charging is no. Noise cancellation: yes.""]",0,579,candidate
DEC023_NO_FEEDBACK,train_kb,conservative_noisy_or_conflict_adjusted,3,Zenbyte Tablet Lite 39,manufactured_by,Zenbyte,zenbyte tablet lite 39|manufactured_by|zenbyte,3,"[0.98, 0.92, 0.91]",True,0,0.973917375,0.973917375,0.88,True,0.973917375,False,False,"[""product_39"", ""product_39"", ""product_39""]","[""structured"", ""unstructured"", ""unstructured""]","[""structured_row:Zenbyte Tablet Lite 39"", ""Zenbyte Tablet Lite 39 is manufactured by Zenbyte. Comes with 8GB of RAM. Offers 128GB of internal storage. Available in green. Built with carbon fiber construction. Fast charging is no. Noise cancellation: no."", ""Zenbyte Tablet Lite 39 is manufactured by Zenbyte. Comes with 8GB of RAM. Offers 128GB of internal storage. Available in green. Built with carbon fiber construction. Fast charging is no. Noise cancellation: no.""]",1,579,candidate
DEC023_NO_FEEDBACK,train_kb,conservative_noisy_or_conflict_adjusted,3,Zenbyte Tablet Lite 39,belongs_to_category,tablet,zenbyte tablet lite 39|belongs_to_category|tablet,1,[0.98],True,0,0.735,0.735,0.88,False,0.735,False,False,"[""product_39""]","[""structured""]","[""structured_row:Zenbyte Tablet Lite 39""]",0,579,candidate
DEC023_NO_FEEDBACK,train_kb,conservative_noisy_or_conflict_adjusted,3,Zenbyte Tablet Lite 39,has_price_usd,199,zenbyte tablet lite 39|has_price_usd|199,1,[0.98],True,0,0.735,0.735,0.88,False,0.735,False,False,"[""product_39""]","[""structured""]","[""structured_row:Zenbyte Tablet Lite 39""]",0,579,candidate
DEC023_NO_FEEDBACK,train_kb,conservative_noisy_or_conflict_adjusted,3,Zenbyte Tablet Lite 39,has_screen_size_inch,11.0,zenbyte tablet lite 39|has_screen_size_inch|11.0,1,[0.98],True,0,0.735,0.735,0.88,False,0.735,False,False,"[""product_39""]","[""structured""]","[""structured_row:Zenbyte Tablet Lite 39""]",0,579,candidate
DEC023_NO_FEEDBACK,train_kb,conservative_noisy_or_conflict_adjusted,3,Zenbyte Tablet Lite 39,has_ram_gb,8,zenbyte tablet lite 39|has_ram_gb|8,4,"[0.98, 0.91, 0.91, 0.91]",True,0,0.991518414140625,0.991518414140625,0.88,True,0.97328634375,False,False,"[""product_39"", ""product_39"", ""product_39"", ""product_39""]","[""structured"", ""unstructured"", ""unstructured"", ""unstructured""]","[""structured_row:Zenbyte Tablet Lite 39"", ""Zenbyte Tablet Lite 39 is manufactured by Zenbyte. Comes with 8GB of RAM. Offers 128GB of internal storage. Available in green. Built with carbon fiber construction. Fast charging is no. Noise cancellation: no."", ""Zenbyte Tablet Lite 39 is manufactured by Zenbyte. Comes with 8GB of RAM. Offers 128GB of internal storage. Available in green. Built with carbon fiber construction. Fast charging is no. Noise cancellation: no."", ""Zenbyte Tablet Lite 39 is manufactured by Zenbyte. Comes with 8GB of RAM. Offers 128GB of internal storage. Available in green. Built with carbon fiber construction. Fast charging is no. Noise cancellation: no.""]",1,579,candidate
DEC023_NO_FEEDBACK,train_kb,conservative_noisy_or_conflict_adjusted,3,Zenbyte Tablet Lite 39,has_storage_gb,128,zenbyte tablet lite 39|has_storage_gb|128,4,"[0.98, 0.9, 0.91, 0.91]",True,0,0.99131806171875,0.99131806171875,0.88,True,0.9726553125,False,False,"[""product_39"", ""product_39"", ""product_39"", ""product_39""]","[""structured"", ""unstructured"", ""unstructured"", ""unstructured""]","[""structured_row:Zenbyte Tablet Lite 39"", ""Zenbyte Tablet Lite 39 is manufactured by Zenbyte. Comes with 8GB of RAM. Offers 128GB of internal storage. Available in green. Built with carbon fiber construction. Fast charging is no. Noise cancellation: no."", ""Zenbyte Tablet Lite 39 is manufactured by Zenbyte. Comes with 8GB of RAM. Offers 128GB of internal storage. Available in green. Built with carbon fiber construction. Fast charging is no. Noise cancellation: no."", ""Zenbyte Tablet Lite 39 is manufactured by Zenbyte. Comes with 8GB of RAM. Offers 128GB of internal storage. Available in green. Built with carbon fiber construction. Fast charging is no. Noise cancellation: no.""]",1,579,candidate
DEC023_NO_FEEDBACK,train_kb,conservative_noisy_or_conflict_adjusted,3,Zenbyte Tablet Lite 39,has_battery_life_hours,14,zenbyte tablet lite 39|has_battery_life_hours|14,1,[0.98],True,0,0.735,0.735,0.88,False,0.735,False,False,"[""product_39""]","[""structured""]","[""structured_row:Zenbyte Tablet Lite 39""]",0,579,candidate
DEC023_NO_FEEDBACK,train_kb,conservative_noisy_or_conflict_adjusted,3,Zenbyte Tablet Lite 39,has_weight_kg,0.23,zenbyte tablet lite 39|has_weight_kg|0.23,1,[0.98],True,0,0.735,0.735,0.88,False,0.735,False,False,"[""product_39""]","[""structured""]","[""structured_row:Zenbyte Tablet Lite 39""]",0,579,candidate
DEC023_NO_FEEDBACK,train_kb,conservative_noisy_or_conflict_adjusted,3,Zenbyte Tablet Lite 39,has_color,green,zenbyte tablet lite 39|has_color|green,4,"[0.98, 0.89, 0.91, 0.91]",False,0,0.991117709296875,0.991117709296875,0.88,True,0.97202428125,False,False,"[""product_39"", ""product_39"", ""product_39"", ""product_39""]","[""structured"", ""unstructured"", ""unstructured"", ""unstructured""]","[""structured_row:Zenbyte Tablet Lite 39"", ""Zenbyte Tablet Lite 39 is manufactured by Zenbyte. Comes with 8GB of RAM. Offers 128GB of internal storage. Available in green. Built with carbon fiber construction. Fast charging is no. Noise cancellation: no."", ""Zenbyte Tablet Lite 39 is manufactured by Zenbyte. Comes with 8GB of RAM. Offers 128GB of internal storage. Available in green. Built with carbon fiber construction. Fast charging is no. Noise cancellation: no."", ""Zenbyte Tablet Lite 39 is manufactured by Zenbyte. Comes with 8GB of RAM. Offers 128GB of internal storage. Available in green. Built with carbon fiber construction. Fast charging is no. Noise cancellation: no.""]",1,579,candidate
DEC023_NO_FEEDBACK,train_kb,conservative_noisy_or_conflict_adjusted,3,Zenbyte Tablet Lite 39,made_of_material,carbon fiber,zenbyte tablet lite 39|made_of_material|carbon fiber,4,"[0.98, 0.88, 0.91, 0.91]",True,0,0.990917356875,0.990917356875,0.88,True,0.97139325,False,False,"[""product_39"", ""product_39"", ""product_39"", ""product_39""]","[""structured"", ""unstructured"", ""unstructured"", ""unstructured""]","[""structured_row:Zenbyte Tablet Lite 39"", ""Zenbyte Tablet Lite 39 is manufactured by Zenbyte. Comes with 8GB of RAM. Offers 128GB of internal storage. Available in green. Built with carbon fiber construction. Fast charging is no. Noise cancellation: no."", ""Zenbyte Tablet Lite 39 is manufactured by Zenbyte. Comes with 8GB of RAM. Offers 128GB of internal storage. Available in green. Built with carbon fiber construction. Fast charging is no. Noise cancellation: no."", ""Zenbyte Tablet Lite 39 is manufactured by Zenbyte. Comes with 8GB of RAM. Offers 128GB of internal storage. Available in green. Built with carbon fiber construction. Fast charging is no. Noise cancellation: no.""]",1,579,candidate
DEC023_NO_FEEDBACK,train_kb,conservative_noisy_or_conflict_adjusted,3,Zenbyte Tablet Lite 39,target_market_region,Global,zenbyte tablet lite 39|target_market_region|global,1,[0.98],True,0,0.735,0.735,0.88,False,0.735,False,False,"[""product_39""]","[""structured""]","[""structured_row:Zenbyte Tablet Lite 39""]",0,579,candidate
DEC023_NO_FEEDBACK,train_kb,conservative_noisy_or_conflict_adjusted,3,Zenbyte Tablet Lite 39,supports_fast_charging,no,zenbyte tablet lite 39|supports_fast_charging|no,4,"[0.98, 0.87, 0.91, 0.91]",True,0,0.990717004453125,0.990717004453125,0.88,True,0.97076221875,False,False,"[""product_39"", ""product_39"", ""product_39"", ""product_39""]","[""structured"", ""unstructured"", ""unstructured"", ""unstructured""]","[""structured_row:Zenbyte Tablet Lite 39"", ""Zenbyte Tablet Lite 39 is manufactured by Zenbyte. Comes with 8GB of RAM. Offers 128GB of internal storage. Available in green. Built with carbon fiber construction. Fast charging is no. Noise cancellation: no."", ""Zenbyte Tablet Lite 39 is manufactured by Zenbyte. Comes with 8GB of RAM. Offers 128GB of internal storage. Available in green. Built with carbon fiber construction. Fast charging is no. Noise cancellation: no."", ""Zenbyte Tablet Lite 39 is manufactured by Zenbyte. Comes with 8GB of RAM. Offers 128GB of internal storage. Available in green. Built with carbon fiber construction. Fast charging is no. Noise cancellation: no.""]",1,579,candidate
DEC023_NO_FEEDBACK,train_kb,conservative_noisy_or_conflict_adjusted,3,Zenbyte Tablet Lite 39,has_noise_cancellation,no,zenbyte tablet lite 39|has_noise_cancellation|no,4,"[0.98, 0.86, 0.91, 0.91]",True,0,0.9905166520312501,0.9905166520312501,0.88,True,0.9701311875,False,False,"[""product_39"", ""product_39"", ""product_39"", ""product_39""]","[""structured"", ""unstructured"", ""unstructured"", ""unstructured""]","[""structured_row:Zenbyte Tablet Lite 39"", ""Zenbyte Tablet Lite 39 is manufactured by Zenbyte. Comes with 8GB of RAM. Offers 128GB of internal storage. Available in green. Built with carbon fiber construction. Fast charging is no. Noise cancellation: no."", ""Zenbyte Tablet Lite 39 is manufactured by Zenbyte. Comes with 8GB of RAM. Offers 128GB of internal storage. Available in green. Built with carbon fiber construction. Fast charging is no. Noise cancellation: no."", ""Zenbyte Tablet Lite 39 is manufactured by Zenbyte. Comes with 8GB of RAM. Offers 128GB of internal storage. Available in green. Built with carbon fiber construction. Fast charging is no. Noise cancellation: no.""]",1,579,candidate
DEC023_NO_FEEDBACK,train_kb,conservative_noisy_or_conflict_adjusted,3,Auralex Laptop Air 40,manufactured_by,Auralex,auralex laptop air 40|manufactured_by|auralex,2,"[0.98, 0.95]",True,0,0.9238124999999999,0.9238124999999999,0.88,True,0.9238124999999999,False,False,"[""product_40"", ""product_40""]","[""structured"", ""unstructured""]","[""structured_row:Auralex Laptop Air 40"", ""Auralex Laptop Air 40 is manufactured by Auralex. It is a laptop device. The display measures 15.6 inches. Comes with 6GB of RAM. Offers 512GB of internal storage. Battery lasts up to 20 hours. Weighs approximately 1.45kg.""]",1,579,candidate
DEC023_NO_FEEDBACK,train_kb,conservative_noisy_or_conflict_adjusted,3,Auralex Laptop Air 40,belongs_to_category,laptop,auralex laptop air 40|belongs_to_category|laptop,1,[0.98],True,0,0.735,0.735,0.88,False,0.735,False,False,"[""product_40""]","[""structured""]","[""structured_row:Auralex Laptop Air 40""]",1,579,candidate
DEC023_NO_FEEDBACK,train_kb,conservative_noisy_or_conflict_adjusted,3,Auralex Laptop Air 40,has_price_usd,1299,auralex laptop air 40|has_price_usd|1299,1,[0.98],True,0,0.735,0.735,0.88,False,0.735,False,False,"[""product_40""]","[""structured""]","[""structured_row:Auralex Laptop Air 40""]",0,579,candidate
DEC023_NO_FEEDBACK,train_kb,conservative_noisy_or_conflict_adjusted,3,Auralex Laptop Air 40,has_screen_size_inch,15.6,auralex laptop air 40|has_screen_size_inch|15.6,2,"[0.98, 0.92]",True,0,0.91785,0.91785,0.88,True,0.91785,False,False,"[""product_40"", ""product_40""]","[""structured"", ""unstructured""]","[""structured_row:Auralex Laptop Air 40"", ""Auralex Laptop Air 40 is manufactured by Auralex. It is a laptop device. The display measures 15.6 inches. Comes with 6GB of RAM. Offers 512GB of internal storage. Battery lasts up to 20 hours. Weighs approximately 1.45kg.""]",1,579,candidate
DEC023_NO_FEEDBACK,train_kb,conservative_noisy_or_conflict_adjusted,3,Auralex Laptop Air 40,has_ram_gb,6,auralex laptop air 40|has_ram_gb|6,2,"[0.98, 0.93]",True,0,0.9198375,0.9198375,0.88,True,0.9198375,False,False,"[""product_40"", ""product_40""]","[""structured"", ""unstructured""]","[""structured_row:Auralex Laptop Air 40"", ""Auralex Laptop Air 40 is manufactured by Auralex. It is a laptop device. The display measures 15.6 inches. Comes with 6GB of RAM. Offers 512GB of internal storage. Battery lasts up to 20 hours. Weighs approximately 1.45kg.""]",1,579,candidate
DEC023_NO_FEEDBACK,train_kb,conservative_noisy_or_conflict_adjusted,3,Auralex Laptop Air 40,has_storage_gb,512,auralex laptop air 40|has_storage_gb|512,2,"[0.98, 0.94]",True,0,0.921825,0.921825,0.88,True,0.921825,False,False,"[""product_40"", ""product_40""]","[""structured"", ""unstructured""]","[""structured_row:Auralex Laptop Air 40"", ""Auralex Laptop Air 40 is manufactured by Auralex. It is a laptop device. The display measures 15.6 inches. Comes with 6GB of RAM. Offers 512GB of internal storage. Battery lasts up to 20 hours. Weighs approximately 1.45kg.""]",1,579,candidate
DEC023_NO_FEEDBACK,train_kb,conservative_noisy_or_conflict_adjusted,3,Auralex Laptop Air 40,has_battery_life_hours,20,auralex laptop air 40|has_battery_life_hours|20,2,"[0.98, 0.96]",True,0,0.9258,0.9258,0.88,True,0.9258,False,False,"[""product_40"", ""product_40""]","[""structured"", ""unstructured""]","[""structured_row:Auralex Laptop Air 40"", ""Auralex Laptop Air 40 is manufactured by Auralex. It is a laptop device. The display measures 15.6 inches. Comes with 6GB of RAM. Offers 512GB of internal storage. Battery lasts up to 20 hours. Weighs approximately 1.45kg.""]",1,579,candidate
DEC023_NO_FEEDBACK,train_kb,conservative_noisy_or_conflict_adjusted,3,Auralex Laptop Air 40,has_weight_kg,1.45,auralex laptop air 40|has_weight_kg|1.45,2,"[0.98, 0.9]",True,0,0.913875,0.913875,0.88,True,0.913875,False,False,"[""product_40"", ""product_40""]","[""structured"", ""unstructured""]","[""structured_row:Auralex Laptop Air 40"", ""Auralex Laptop Air 40 is manufactured by Auralex. It is a laptop device. The display measures 15.6 inches. Comes with 6GB of RAM. Offers 512GB of internal storage. Battery lasts up to 20 hours. Weighs approximately 1.45kg.""]",1,579,candidate
DEC023_NO_FEEDBACK,train_kb,conservative_noisy_or_conflict_adjusted,3,Auralex Laptop Air 40,has_color,silver,auralex laptop air 40|has_color|silver,1,[0.98],False,0,0.735,0.735,0.88,False,0.735,False,False,"[""product_40""]","[""structured""]","[""structured_row:Auralex Laptop Air 40""]",0,579,candidate
DEC023_NO_FEEDBACK,train_kb,conservative_noisy_or_conflict_adjusted,3,Auralex Laptop Air 40,made_of_material,carbon fiber,auralex laptop air 40|made_of_material|carbon fiber,1,[0.98],True,0,0.735,0.735,0.88,False,0.735,False,False,"[""product_40""]","[""structured""]","[""structured_row:Auralex Laptop Air 40""]",0,579,candidate
DEC023_NO_FEEDBACK,train_kb,conservative_noisy_or_conflict_adjusted,3,Auralex Laptop Air 40,target_market_region,Global,auralex laptop air 40|target_market_region|global,1,[0.98],True,0,0.735,0.735,0.88,False,0.735,False,False,"[""product_40""]","[""structured""]","[""structured_row:Auralex Laptop Air 40""]",0,579,candidate
DEC023_NO_FEEDBACK,train_kb,conservative_noisy_or_conflict_adjusted,3,Auralex Laptop Air 40,supports_fast_charging,no,auralex laptop air 40|supports_fast_charging|no,1,[0.98],True,0,0.735,0.735,0.88,False,0.735,False,False,"[""product_40""]","[""structured""]","[""structured_row:Auralex Laptop Air 40""]",0,579,candidate
DEC023_NO_FEEDBACK,train_kb,conservative_noisy_or_conflict_adjusted,3,Auralex Laptop Air 40,has_noise_cancellation,no,auralex laptop air 40|has_noise_cancellation|no,1,[0.98],True,0,0.735,0.735,0.88,False,0.735,False,False,"[""product_40""]","[""structured""]","[""structured_row:Auralex Laptop Air 40""]",0,579,candidate
DEC023_NO_FEEDBACK,train_kb,conservative_noisy_or_conflict_adjusted,3,NeoTech Laptop Plus 41,manufactured_by,NeoTech,neotech laptop plus 41|manufactured_by|neotech,1,[0.98],True,0,0.735,0.735,0.88,False,0.735,False,False,"[""product_41""]","[""structured""]","[""structured_row:NeoTech Laptop Plus 41""]",0,579,candidate
DEC023_NO_FEEDBACK,train_kb,conservative_noisy_or_conflict_adjusted,3,NeoTech Laptop Plus 41,belongs_to_category,laptop,neotech laptop plus 41|belongs_to_category|laptop,1,[0.98],True,0,0.735,0.735,0.88,False,0.735,False,False,"[""product_41""]","[""structured""]","[""structured_row:NeoTech Laptop Plus 41""]",1,579,candidate
DEC023_NO_FEEDBACK,train_kb,conservative_noisy_or_conflict_adjusted,3,NeoTech Laptop Plus 41,has_price_usd,1299,neotech laptop plus 41|has_price_usd|1299,1,[0.98],True,0,0.735,0.735,0.88,False,0.735,False,False,"[""product_41""]","[""structured""]","[""structured_row:NeoTech Laptop Plus 41""]",1,579,candidate
DEC023_NO_FEEDBACK,train_kb,conservative_noisy_or_conflict_adjusted,3,NeoTech Laptop Plus 41,has_screen_size_inch,10.9,neotech laptop plus 41|has_screen_size_inch|10.9,1,[0.98],True,0,0.735,0.735,0.88,False,0.735,False,False,"[""product_41""]","[""structured""]","[""structured_row:NeoTech Laptop Plus 41""]",1,579,candidate
DEC023_NO_FEEDBACK,train_kb,conservative_noisy_or_conflict_adjusted,3,NeoTech Laptop Plus 41,has_ram_gb,12,neotech laptop plus 41|has_ram_gb|12,1,[0.98],True,0,0.735,0.735,0.88,False,0.735,False,False,"[""product_41""]","[""structured""]","[""structured_row:NeoTech Laptop Plus 41""]",1,579,candidate
DEC023_NO_FEEDBACK,train_kb,conservative_noisy_or_conflict_adjusted,3,NeoTech Laptop Plus 41,has_storage_gb,1024,neotech laptop plus 41|has_storage_gb|1024,1,[0.98],True,0,0.735,0.735,0.88,False,0.735,False,False,"[""product_41""]","[""structured""]","[""structured_row:NeoTech Laptop Plus 41""]",0,579,candidate
DEC023_NO_FEEDBACK,train_kb,conservative_noisy_or_conflict_adjusted,3,NeoTech Laptop Plus 41,has_battery_life_hours,12,neotech laptop plus 41|has_battery_life_hours|12,1,[0.98],True,0,0.735,0.735,0.88,False,0.735,False,False,"[""product_41""]","[""structured""]","[""structured_row:NeoTech Laptop Plus 41""]",0,579,candidate
DEC023_NO_FEEDBACK,train_kb,conservative_noisy_or_conflict_adjusted,3,NeoTech Laptop Plus 41,has_weight_kg,0.42,neotech laptop plus 41|has_weight_kg|0.42,1,[0.98],True,0,0.735,0.735,0.88,False,0.735,False,False,"[""product_41""]","[""structured""]","[""structured_row:NeoTech Laptop Plus 41""]",0,579,candidate
DEC023_NO_FEEDBACK,train_kb,conservative_noisy_or_conflict_adjusted,3,NeoTech Laptop Plus 41,has_color,green,neotech laptop plus 41|has_color|green,1,[0.98],False,0,0.735,0.735,0.88,False,0.735,False,False,"[""product_41""]","[""structured""]","[""structured_row:NeoTech Laptop Plus 41""]",0,579,candidate
DEC023_NO_FEEDBACK,train_kb,conservative_noisy_or_conflict_adjusted,3,NeoTech Laptop Plus 41,made_of_material,plastic,neotech laptop plus 41|made_of_material|plastic,1,[0.98],True,0,0.735,0.735,0.88,False,0.735,False,False,"[""product_41""]","[""structured""]","[""structured_row:NeoTech Laptop Plus 41""]",1,579,candidate
DEC023_NO_FEEDBACK,train_kb,conservative_noisy_or_conflict_adjusted,3,NeoTech Laptop Plus 41,target_market_region,Global,neotech laptop plus 41|target_market_region|global,1,[0.98],True,0,0.735,0.735,0.88,False,0.735,False,False,"[""product_41""]","[""structured""]","[""structured_row:NeoTech Laptop Plus 41""]",0,579,candidate
DEC023_NO_FEEDBACK,train_kb,conservative_noisy_or_conflict_adjusted,3,NeoTech Laptop Plus 41,supports_fast_charging,no,neotech laptop plus 41|supports_fast_charging|no,1,[0.98],True,0,0.735,0.735,0.88,False,0.735,False,False,"[""product_41""]","[""structured""]","[""structured_row:NeoTech Laptop Plus 41""]",1,579,candidate
DEC023_NO_FEEDBACK,train_kb,conservative_noisy_or_conflict_adjusted,3,NeoTech Laptop Plus 41,has_noise_cancellation,no,neotech laptop plus 41|has_noise_cancellation|no,1,[0.98],True,0,0.735,0.735,0.88,False,0.735,False,False,"[""product_41""]","[""structured""]","[""structured_row:NeoTech Laptop Plus 41""]",1,579,candidate
DEC023_NO_FEEDBACK,train_kb,conservative_noisy_or_conflict_adjusted,3,TechNova Smartphone Pro 43,manufactured_by,TechNova,technova smartphone pro 43|manufactured_by|technova,3,"[0.98, 0.92, 0.91]",True,0,0.973917375,0.973917375,0.88,True,0.91785,False,False,"[""product_43"", ""product_43"", ""product_43""]","[""structured"", ""unstructured"", ""unstructured""]","[""structured_row:TechNova Smartphone Pro 43"", ""TechNova Smartphone Pro 43 is manufactured by TechNova. It is a smartphone device. The display measures 13.3 inches. Comes with 8GB of RAM. Weighs approximately 1.8kg. Available in green. Built with aluminum construction."", ""TechNova Smartphone Pro 43 is manufactured by TechNova. It is a smartphone device. The display measures 13.3 inches. Comes with 8GB of RAM. Weighs approximately 1.8kg. Available in green. Built with aluminum construction.""]",1,579,candidate
DEC023_NO_FEEDBACK,train_kb,conservative_noisy_or_conflict_adjusted,3,TechNova Smartphone Pro 43,belongs_to_category,smartphone,technova smartphone pro 43|belongs_to_category|smartphone,1,[0.98],True,1,0.735,0.3675,0.88,False,0.3675,False,False,"[""product_43""]","[""structured""]","[""structured_row:TechNova Smartphone Pro 43""]",1,579,candidate
DEC023_NO_FEEDBACK,train_kb,conservative_noisy_or_conflict_adjusted,3,TechNova Smartphone Pro 43,has_price_usd,199,technova smartphone pro 43|has_price_usd|199,1,[0.98],True,0,0.735,0.735,0.88,False,0.735,False,False,"[""product_43""]","[""structured""]","[""structured_row:TechNova Smartphone Pro 43""]",0,579,candidate
DEC023_NO_FEEDBACK,train_kb,conservative_noisy_or_conflict_adjusted,3,TechNova Smartphone Pro 43,has_screen_size_inch,13.3,technova smartphone pro 43|has_screen_size_inch|13.3,3,"[0.98, 0.94, 0.91]",True,0,0.9751794375,0.9751794375,0.88,True,0.921825,False,False,"[""product_43"", ""product_43"", ""product_43""]","[""structured"", ""unstructured"", ""unstructured""]","[""structured_row:TechNova Smartphone Pro 43"", ""TechNova Smartphone Pro 43 is manufactured by TechNova. It is a smartphone device. The display measures 13.3 inches. Comes with 8GB of RAM. Weighs approximately 1.8kg. Available in green. Built with aluminum construction."", ""TechNova Smartphone Pro 43 is manufactured by TechNova. It is a smartphone device. The display measures 13.3 inches. Comes with 8GB of RAM. Weighs approximately 1.8kg. Available in green. Built with aluminum construction.""]",1,579,candidate
DEC023_NO_FEEDBACK,train_kb,conservative_noisy_or_conflict_adjusted,3,TechNova Smartphone Pro 43,has_ram_gb,8,technova smartphone pro 43|has_ram_gb|8,3,"[0.98, 0.91, 0.91]",True,0,0.97328634375,0.97328634375,0.88,True,0.9158625,False,False,"[""product_43"", ""product_43"", ""product_43""]","[""structured"", ""unstructured"", ""unstructured""]","[""structured_row:TechNova Smartphone Pro 43"", ""TechNova Smartphone Pro 43 is manufactured by TechNova. It is a smartphone device. The display measures 13.3 inches. Comes with 8GB of RAM. Weighs approximately 1.8kg. Available in green. Built with aluminum construction."", ""TechNova Smartphone Pro 43 is manufactured by TechNova. It is a smartphone device. The display measures 13.3 inches. Comes with 8GB of RAM. Weighs approximately 1.8kg. Available in green. Built with aluminum construction.""]",1,579,candidate
DEC023_NO_FEEDBACK,train_kb,conservative_noisy_or_conflict_adjusted,3,TechNova Smartphone Pro 43,has_storage_gb,128,technova smartphone pro 43|has_storage_gb|128,1,[0.98],True,0,0.735,0.735,0.88,False,0.735,False,False,"[""product_43""]","[""structured""]","[""structured_row:TechNova Smartphone Pro 43""]",0,579,candidate
DEC023_NO_FEEDBACK,train_kb,conservative_noisy_or_conflict_adjusted,3,TechNova Smartphone Pro 43,has_battery_life_hours,20,technova smartphone pro 43|has_battery_life_hours|20,1,[0.98],True,0,0.735,0.735,0.88,False,0.735,False,False,"[""product_43""]","[""structured""]","[""structured_row:TechNova Smartphone Pro 43""]",0,579,candidate
DEC023_NO_FEEDBACK,train_kb,conservative_noisy_or_conflict_adjusted,3,TechNova Smartphone Pro 43,has_weight_kg,1.8,technova smartphone pro 43|has_weight_kg|1.8,3,"[0.98, 0.93, 0.91]",True,0,0.97454840625,0.97454840625,0.88,True,0.9198375,False,False,"[""product_43"", ""product_43"", ""product_43""]","[""structured"", ""unstructured"", ""unstructured""]","[""structured_row:TechNova Smartphone Pro 43"", ""TechNova Smartphone Pro 43 is manufactured by TechNova. It is a smartphone device. The display measures 13.3 inches. Comes with 8GB of RAM. Weighs approximately 1.8kg. Available in green. Built with aluminum construction."", ""TechNova Smartphone Pro 43 is manufactured by TechNova. It is a smartphone device. The display measures 13.3 inches. Comes with 8GB of RAM. Weighs approximately 1.8kg. Available in green. Built with aluminum construction.""]",1,579,candidate
DEC023_NO_FEEDBACK,train_kb,conservative_noisy_or_conflict_adjusted,3,TechNova Smartphone Pro 43,has_color,green,technova smartphone pro 43|has_color|green,3,"[0.98, 0.9, 0.91]",False,0,0.9726553125,0.9726553125,0.88,True,0.913875,False,False,"[""product_43"", ""product_43"", ""product_43""]","[""structured"", ""unstructured"", ""unstructured""]","[""structured_row:TechNova Smartphone Pro 43"", ""TechNova Smartphone Pro 43 is manufactured by TechNova. It is a smartphone device. The display measures 13.3 inches. Comes with 8GB of RAM. Weighs approximately 1.8kg. Available in green. Built with aluminum construction."", ""TechNova Smartphone Pro 43 is manufactured by TechNova. It is a smartphone device. The display measures 13.3 inches. Comes with 8GB of RAM. Weighs approximately 1.8kg. Available in green. Built with aluminum construction.""]",1,579,candidate
DEC023_NO_FEEDBACK,train_kb,conservative_noisy_or_conflict_adjusted,3,TechNova Smartphone Pro 43,made_of_material,aluminum,technova smartphone pro 43|made_of_material|aluminum,2,"[0.98, 0.88]",True,1,0.9099,0.45495,0.88,False,0.9099,False,True,"[""product_43"", ""product_43""]","[""structured"", ""unstructured""]","[""structured_row:TechNova Smartphone Pro 43"", ""TechNova Smartphone Pro 43 is manufactured by TechNova. It is a smartphone device. The display measures 13.3 inches. Comes with 8GB of RAM. Weighs approximately 1.8kg. Available in green. Built with aluminum construction.""]",1,579,candidate
DEC023_NO_FEEDBACK,train_kb,conservative_noisy_or_conflict_adjusted,3,TechNova Smartphone Pro 43,target_market_region,APAC,technova smartphone pro 43|target_market_region|apac,1,[0.98],True,0,0.735,0.735,0.88,False,0.735,False,False,"[""product_43""]","[""structured""]","[""structured_row:TechNova Smartphone Pro 43""]",0,579,candidate
DEC023_NO_FEEDBACK,train_kb,conservative_noisy_or_conflict_adjusted,3,TechNova Smartphone Pro 43,supports_fast_charging,no,technova smartphone pro 43|supports_fast_charging|no,1,[0.98],True,0,0.735,0.735,0.88,False,0.735,False,False,"[""product_43""]","[""structured""]","[""structured_row:TechNova Smartphone Pro 43""]",0,579,candidate
DEC023_NO_FEEDBACK,train_kb,conservative_noisy_or_conflict_adjusted,3,TechNova Smartphone Pro 43,has_noise_cancellation,no,technova smartphone pro 43|has_noise_cancellation|no,1,[0.98],True,0,0.735,0.735,0.88,False,0.735,False,False,"[""product_43""]","[""structured""]","[""structured_row:TechNova Smartphone Pro 43""]",0,579,candidate
DEC023_NO_FEEDBACK,train_kb,conservative_noisy_or_conflict_adjusted,3,TechNova Smartphone Pro 43,belongs_to_category,smartphone device,technova smartphone pro 43|belongs_to_category|smartphone device,1,[0.85],True,1,0.6375,0.31875,0.88,False,0.31875,False,False,"[""product_43""]","[""unstructured""]","[""TechNova Smartphone Pro 43 is manufactured by TechNova. It is a smartphone device. The display measures 13.3 inches. Comes with 8GB of RAM. Weighs approximately 1.8kg. Available in green. Built with aluminum construction.""]",0,579,candidate
DEC023_NO_FEEDBACK,train_kb,conservative_noisy_or_conflict_adjusted,3,PixelWare Headphones Pro 44,manufactured_by,PixelWare,pixelware headphones pro 44|manufactured_by|pixelware,1,[0.98],True,0,0.735,0.735,0.88,False,0.735,False,False,"[""product_44""]","[""structured""]","[""structured_row:PixelWare Headphones Pro 44""]",0,579,candidate
DEC023_NO_FEEDBACK,train_kb,conservative_noisy_or_conflict_adjusted,3,PixelWare Headphones Pro 44,belongs_to_category,headphones,pixelware headphones pro 44|belongs_to_category|headphones,1,[0.98],True,0,0.735,0.735,0.88,False,0.735,False,False,"[""product_44""]","[""structured""]","[""structured_row:PixelWare Headphones Pro 44""]",1,579,candidate
DEC023_NO_FEEDBACK,train_kb,conservative_noisy_or_conflict_adjusted,3,PixelWare Headphones Pro 44,has_price_usd,249,pixelware headphones pro 44|has_price_usd|249,1,[0.98],True,0,0.735,0.735,0.88,False,0.735,False,False,"[""product_44""]","[""structured""]","[""structured_row:PixelWare Headphones Pro 44""]",1,579,candidate
DEC023_NO_FEEDBACK,train_kb,conservative_noisy_or_conflict_adjusted,3,PixelWare Headphones Pro 44,has_screen_size_inch,11.0,pixelware headphones pro 44|has_screen_size_inch|11.0,1,[0.98],True,0,0.735,0.735,0.88,False,0.735,False,False,"[""product_44""]","[""structured""]","[""structured_row:PixelWare Headphones Pro 44""]",1,579,candidate
DEC023_NO_FEEDBACK,train_kb,conservative_noisy_or_conflict_adjusted,3,PixelWare Headphones Pro 44,has_ram_gb,12,pixelware headphones pro 44|has_ram_gb|12,1,[0.98],True,0,0.735,0.735,0.88,False,0.735,False,False,"[""product_44""]","[""structured""]","[""structured_row:PixelWare Headphones Pro 44""]",1,579,candidate
DEC023_NO_FEEDBACK,train_kb,conservative_noisy_or_conflict_adjusted,3,PixelWare Headphones Pro 44,has_storage_gb,64,pixelware headphones pro 44|has_storage_gb|64,1,[0.98],True,0,0.735,0.735,0.88,False,0.735,False,False,"[""product_44""]","[""structured""]","[""structured_row:PixelWare Headphones Pro 44""]",0,579,candidate
DEC023_NO_FEEDBACK,train_kb,conservative_noisy_or_conflict_adjusted,3,PixelWare Headphones Pro 44,has_battery_life_hours,18,pixelware headphones pro 44|has_battery_life_hours|18,1,[0.98],True,0,0.735,0.735,0.88,False,0.735,False,False,"[""product_44""]","[""structured""]","[""structured_row:PixelWare Headphones Pro 44""]",0,579,candidate
DEC023_NO_FEEDBACK,train_kb,conservative_noisy_or_conflict_adjusted,3,PixelWare Headphones Pro 44,has_weight_kg,1.45,pixelware headphones pro 44|has_weight_kg|1.45,1,[0.98],True,0,0.735,0.735,0.88,False,0.735,False,False,"[""product_44""]","[""structured""]","[""structured_row:PixelWare Headphones Pro 44""]",0,579,candidate
DEC023_NO_FEEDBACK,train_kb,conservative_noisy_or_conflict_adjusted,3,PixelWare Headphones Pro 44,has_color,black,pixelware headphones pro 44|has_color|black,1,[0.98],False,0,0.735,0.735,0.88,False,0.735,False,False,"[""product_44""]","[""structured""]","[""structured_row:PixelWare Headphones Pro 44""]",0,579,candidate
DEC023_NO_FEEDBACK,train_kb,conservative_noisy_or_conflict_adjusted,3,PixelWare Headphones Pro 44,made_of_material,plastic,pixelware headphones pro 44|made_of_material|plastic,1,[0.98],True,0,0.735,0.735,0.88,False,0.735,False,False,"[""product_44""]","[""structured""]","[""structured_row:PixelWare Headphones Pro 44""]",1,579,candidate
DEC023_NO_FEEDBACK,train_kb,conservative_noisy_or_conflict_adjusted,3,PixelWare Headphones Pro 44,target_market_region,Global,pixelware headphones pro 44|target_market_region|global,1,[0.98],True,0,0.735,0.735,0.88,False,0.735,False,False,"[""product_44""]","[""structured""]","[""structured_row:PixelWare Headphones Pro 44""]",1,579,candidate
DEC023_NO_FEEDBACK,train_kb,conservative_noisy_or_conflict_adjusted,3,PixelWare Headphones Pro 44,supports_fast_charging,yes,pixelware headphones pro 44|supports_fast_charging|yes,1,[0.98],True,0,0.735,0.735,0.88,False,0.735,False,False,"[""product_44""]","[""structured""]","[""structured_row:PixelWare Headphones Pro 44""]",1,579,candidate
DEC023_NO_FEEDBACK,train_kb,conservative_noisy_or_conflict_adjusted,3,PixelWare Headphones Pro 44,has_noise_cancellation,yes,pixelware headphones pro 44|has_noise_cancellation|yes,1,[0.98],True,0,0.735,0.735,0.88,False,0.735,False,False,"[""product_44""]","[""structured""]","[""structured_row:PixelWare Headphones Pro 44""]",0,579,candidate
DEC023_NO_FEEDBACK,train_kb,conservative_noisy_or_conflict_adjusted,3,Zenbyte Tablet Plus 45,manufactured_by,Zenbyte,zenbyte tablet plus 45|manufactured_by|zenbyte,3,"[0.98, 0.9, 0.91]",True,0,0.9726553125,0.9726553125,0.88,True,0.913875,False,False,"[""product_45"", ""product_45"", ""product_45""]","[""structured"", ""unstructured"", ""unstructured""]","[""structured_row:Zenbyte Tablet Plus 45"", ""Zenbyte Tablet Plus 45 is manufactured by Zenbyte. It is a tablet device. The display measures 11.0 inches. Comes with 12GB of RAM. Offers 256GB of internal storage. Built with carbon fiber construction. Fast charging is no."", ""Zenbyte Tablet Plus 45 is manufactured by Zenbyte. It is a tablet device. The display measures 11.0 inches. Comes with 12GB of RAM. Offers 256GB of internal storage. Built with carbon fiber construction. Fast charging is no.""]",1,579,candidate
DEC023_NO_FEEDBACK,train_kb,conservative_noisy_or_conflict_adjusted,3,Zenbyte Tablet Plus 45,belongs_to_category,tablet,zenbyte tablet plus 45|belongs_to_category|tablet,1,[0.98],True,1,0.735,0.3675,0.88,False,0.3675,False,False,"[""product_45""]","[""structured""]","[""structured_row:Zenbyte Tablet Plus 45""]",1,579,candidate
DEC023_NO_FEEDBACK,train_kb,conservative_noisy_or_conflict_adjusted,3,Zenbyte Tablet Plus 45,has_price_usd,899,zenbyte tablet plus 45|has_price_usd|899,1,[0.98],True,0,0.735,0.735,0.88,False,0.735,False,False,"[""product_45""]","[""structured""]","[""structured_row:Zenbyte Tablet Plus 45""]",0,579,candidate
DEC023_NO_FEEDBACK,train_kb,conservative_noisy_or_conflict_adjusted,3,Zenbyte Tablet Plus 45,has_screen_size_inch,11.0,zenbyte tablet plus 45|has_screen_size_inch|11.0,3,"[0.98, 0.9, 0.91]",True,0,0.9726553125,0.9726553125,0.88,True,0.913875,False,False,"[""product_45"", ""product_45"", ""product_45""]","[""structured"", ""unstructured"", ""unstructured""]","[""structured_row:Zenbyte Tablet Plus 45"", ""Zenbyte Tablet Plus 45 is manufactured by Zenbyte. It is a tablet device. The display measures 11.0 inches. Comes with 12GB of RAM. Offers 256GB of internal storage. Built with carbon fiber construction. Fast charging is no."", ""Zenbyte Tablet Plus 45 is manufactured by Zenbyte. It is a tablet device. The display measures 11.0 inches. Comes with 12GB of RAM. Offers 256GB of internal storage. Built with carbon fiber construction. Fast charging is no.""]",1,579,candidate
DEC023_NO_FEEDBACK,train_kb,conservative_noisy_or_conflict_adjusted,3,Zenbyte Tablet Plus 45,has_ram_gb,12,zenbyte tablet plus 45|has_ram_gb|12,3,"[0.98, 0.9, 0.91]",True,0,0.9726553125,0.9726553125,0.88,True,0.913875,False,False,"[""product_45"", ""product_45"", ""product_45""]","[""structured"", ""unstructured"", ""unstructured""]","[""structured_row:Zenbyte Tablet Plus 45"", ""Zenbyte Tablet Plus 45 is manufactured by Zenbyte. It is a tablet device. The display measures 11.0 inches. Comes with 12GB of RAM. Offers 256GB of internal storage. Built with carbon fiber construction. Fast charging is no."", ""Zenbyte Tablet Plus 45 is manufactured by Zenbyte. It is a tablet device. The display measures 11.0 inches. Comes with 12GB of RAM. Offers 256GB of internal storage. Built with carbon fiber construction. Fast charging is no.""]",1,579,candidate
DEC023_NO_FEEDBACK,train_kb,conservative_noisy_or_conflict_adjusted,3,Zenbyte Tablet Plus 45,has_storage_gb,256,zenbyte tablet plus 45|has_storage_gb|256,3,"[0.98, 0.9, 0.91]",True,0,0.9726553125,0.9726553125,0.88,True,0.913875,False,False,"[""product_45"", ""product_45"", ""product_45""]","[""structured"", ""unstructured"", ""unstructured""]","[""structured_row:Zenbyte Tablet Plus 45"", ""Zenbyte Tablet Plus 45 is manufactured by Zenbyte. It is a tablet device. The display measures 11.0 inches. Comes with 12GB of RAM. Offers 256GB of internal storage. Built with carbon fiber construction. Fast charging is no."", ""Zenbyte Tablet Plus 45 is manufactured by Zenbyte. It is a tablet device. The display measures 11.0 inches. Comes with 12GB of RAM. Offers 256GB of internal storage. Built with carbon fiber construction. Fast charging is no.""]",1,579,candidate
DEC023_NO_FEEDBACK,train_kb,conservative_noisy_or_conflict_adjusted,3,Zenbyte Tablet Plus 45,has_battery_life_hours,24,zenbyte tablet plus 45|has_battery_life_hours|24,1,[0.98],True,0,0.735,0.735,0.88,False,0.735,False,False,"[""product_45""]","[""structured""]","[""structured_row:Zenbyte Tablet Plus 45""]",0,579,candidate
DEC023_NO_FEEDBACK,train_kb,conservative_noisy_or_conflict_adjusted,3,Zenbyte Tablet Plus 45,has_weight_kg,1.2,zenbyte tablet plus 45|has_weight_kg|1.2,1,[0.98],True,0,0.735,0.735,0.88,False,0.735,False,False,"[""product_45""]","[""structured""]","[""structured_row:Zenbyte Tablet Plus 45""]",0,579,candidate
DEC023_NO_FEEDBACK,train_kb,conservative_noisy_or_conflict_adjusted,3,Zenbyte Tablet Plus 45,has_color,green,zenbyte tablet plus 45|has_color|green,1,[0.98],False,0,0.735,0.735,0.88,False,0.735,False,False,"[""product_45""]","[""structured""]","[""structured_row:Zenbyte Tablet Plus 45""]",0,579,candidate
DEC023_NO_FEEDBACK,train_kb,conservative_noisy_or_conflict_adjusted,3,Zenbyte Tablet Plus 45,made_of_material,carbon fiber,zenbyte tablet plus 45|made_of_material|carbon fiber,3,"[0.98, 0.9, 0.91]",True,0,0.9726553125,0.9726553125,0.88,True,0.913875,False,False,"[""product_45"", ""product_45"", ""product_45""]","[""structured"", ""unstructured"", ""unstructured""]","[""structured_row:Zenbyte Tablet Plus 45"", ""Zenbyte Tablet Plus 45 is manufactured by Zenbyte. It is a tablet device. The display measures 11.0 inches. Comes with 12GB of RAM. Offers 256GB of internal storage. Built with carbon fiber construction. Fast charging is no."", ""Zenbyte Tablet Plus 45 is manufactured by Zenbyte. It is a tablet device. The display measures 11.0 inches. Comes with 12GB of RAM. Offers 256GB of internal storage. Built with carbon fiber construction. Fast charging is no.""]",1,579,candidate
DEC023_NO_FEEDBACK,train_kb,conservative_noisy_or_conflict_adjusted,3,Zenbyte Tablet Plus 45,target_market_region,US,zenbyte tablet plus 45|target_market_region|us,1,[0.98],True,0,0.735,0.735,0.88,False,0.735,False,False,"[""product_45""]","[""structured""]","[""structured_row:Zenbyte Tablet Plus 45""]",0,579,candidate
DEC023_NO_FEEDBACK,train_kb,conservative_noisy_or_conflict_adjusted,3,Zenbyte Tablet Plus 45,supports_fast_charging,no,zenbyte tablet plus 45|supports_fast_charging|no,3,"[0.98, 0.9, 0.91]",True,0,0.9726553125,0.9726553125,0.88,True,0.913875,False,False,"[""product_45"", ""product_45"", ""product_45""]","[""structured"", ""unstructured"", ""unstructured""]","[""structured_row:Zenbyte Tablet Plus 45"", ""Zenbyte Tablet Plus 45 is manufactured by Zenbyte. It is a tablet device. The display measures 11.0 inches. Comes with 12GB of RAM. Offers 256GB of internal storage. Built with carbon fiber construction. Fast charging is no."", ""Zenbyte Tablet Plus 45 is manufactured by Zenbyte. It is a tablet device. The display measures 11.0 inches. Comes with 12GB of RAM. Offers 256GB of internal storage. Built with carbon fiber construction. Fast charging is no.""]",1,579,candidate
DEC023_NO_FEEDBACK,train_kb,conservative_noisy_or_conflict_adjusted,3,Zenbyte Tablet Plus 45,has_noise_cancellation,no,zenbyte tablet plus 45|has_noise_cancellation|no,1,[0.98],True,0,0.735,0.735,0.88,False,0.735,False,False,"[""product_45""]","[""structured""]","[""structured_row:Zenbyte Tablet Plus 45""]",0,579,candidate
DEC023_NO_FEEDBACK,train_kb,conservative_noisy_or_conflict_adjusted,3,NeoTech Laptop Air 47,manufactured_by,NeoTech,neotech laptop air 47|manufactured_by|neotech,3,"[0.98, 0.95, 0.9]",True,0,0.9752390625,0.9752390625,0.88,True,0.9752390625,False,False,"[""product_47"", ""product_47"", ""product_47""]","[""structured"", ""unstructured"", ""unstructured""]","[""structured_row:NeoTech Laptop Air 47"", ""NeoTech Laptop Air 47 is manufactured by NeoTech. It is a laptop device. Priced at 249 USD. Comes with 6GB of RAM. Weighs approximately 1.8kg. Built with carbon fiber construction. Fast charging is yes."", ""NeoTech Laptop Air 47 is manufactured by NeoTech. It is a laptop device. Priced at 249 USD. Comes with 6GB of RAM. Weighs approximately 1.8kg. Built with carbon fiber construction. Fast charging is yes.""]",1,579,candidate
DEC023_NO_FEEDBACK,train_kb,conservative_noisy_or_conflict_adjusted,3,NeoTech Laptop Air 47,belongs_to_category,laptop,neotech laptop air 47|belongs_to_category|laptop,1,[0.98],True,0,0.735,0.735,0.88,False,0.735,False,False,"[""product_47""]","[""structured""]","[""structured_row:NeoTech Laptop Air 47""]",1,579,candidate
DEC023_NO_FEEDBACK,train_kb,conservative_noisy_or_conflict_adjusted,3,NeoTech Laptop Air 47,has_price_usd,249,neotech laptop air 47|has_price_usd|249,3,"[0.98, 0.95, 0.9]",True,0,0.9752390625,0.9752390625,0.88,True,0.9752390625,False,False,"[""product_47"", ""product_47"", ""product_47""]","[""structured"", ""unstructured"", ""unstructured""]","[""structured_row:NeoTech Laptop Air 47"", ""NeoTech Laptop Air 47 is manufactured by NeoTech. It is a laptop device. Priced at 249 USD. Comes with 6GB of RAM. Weighs approximately 1.8kg. Built with carbon fiber construction. Fast charging is yes."", ""NeoTech Laptop Air 47 is manufactured by NeoTech. It is a laptop device. Priced at 249 USD. Comes with 6GB of RAM. Weighs approximately 1.8kg. Built with carbon fiber construction. Fast charging is yes.""]",1,579,candidate
DEC023_NO_FEEDBACK,train_kb,conservative_noisy_or_conflict_adjusted,3,NeoTech Laptop Air 47,has_screen_size_inch,13.3,neotech laptop air 47|has_screen_size_inch|13.3,1,[0.98],True,0,0.735,0.735,0.88,False,0.735,False,False,"[""product_47""]","[""structured""]","[""structured_row:NeoTech Laptop Air 47""]",0,579,candidate
DEC023_NO_FEEDBACK,train_kb,conservative_noisy_or_conflict_adjusted,3,NeoTech Laptop Air 47,has_ram_gb,6,neotech laptop air 47|has_ram_gb|6,3,"[0.98, 0.95, 0.9]",True,0,0.9752390625,0.9752390625,0.88,True,0.9752390625,False,False,"[""product_47"", ""product_47"", ""product_47""]","[""structured"", ""unstructured"", ""unstructured""]","[""structured_row:NeoTech Laptop Air 47"", ""NeoTech Laptop Air 47 is manufactured by NeoTech. It is a laptop device. Priced at 249 USD. Comes with 6GB of RAM. Weighs approximately 1.8kg. Built with carbon fiber construction. Fast charging is yes."", ""NeoTech Laptop Air 47 is manufactured by NeoTech. It is a laptop device. Priced at 249 USD. Comes with 6GB of RAM. Weighs approximately 1.8kg. Built with carbon fiber construction. Fast charging is yes.""]",1,579,candidate
DEC023_NO_FEEDBACK,train_kb,conservative_noisy_or_conflict_adjusted,3,NeoTech Laptop Air 47,has_storage_gb,128,neotech laptop air 47|has_storage_gb|128,1,[0.98],True,0,0.735,0.735,0.88,False,0.735,False,False,"[""product_47""]","[""structured""]","[""structured_row:NeoTech Laptop Air 47""]",0,579,candidate
DEC023_NO_FEEDBACK,train_kb,conservative_noisy_or_conflict_adjusted,3,NeoTech Laptop Air 47,has_battery_life_hours,12,neotech laptop air 47|has_battery_life_hours|12,1,[0.98],True,0,0.735,0.735,0.88,False,0.735,False,False,"[""product_47""]","[""structured""]","[""structured_row:NeoTech Laptop Air 47""]",0,579,candidate
DEC023_NO_FEEDBACK,train_kb,conservative_noisy_or_conflict_adjusted,3,NeoTech Laptop Air 47,has_weight_kg,1.8,neotech laptop air 47|has_weight_kg|1.8,3,"[0.98, 0.95, 0.9]",True,0,0.9752390625,0.9752390625,0.88,True,0.9752390625,False,False,"[""product_47"", ""product_47"", ""product_47""]","[""structured"", ""unstructured"", ""unstructured""]","[""structured_row:NeoTech Laptop Air 47"", ""NeoTech Laptop Air 47 is manufactured by NeoTech. It is a laptop device. Priced at 249 USD. Comes with 6GB of RAM. Weighs approximately 1.8kg. Built with carbon fiber construction. Fast charging is yes."", ""NeoTech Laptop Air 47 is manufactured by NeoTech. It is a laptop device. Priced at 249 USD. Comes with 6GB of RAM. Weighs approximately 1.8kg. Built with carbon fiber construction. Fast charging is yes.""]",1,579,candidate
DEC023_NO_FEEDBACK,train_kb,conservative_noisy_or_conflict_adjusted,3,NeoTech Laptop Air 47,has_color,green,neotech laptop air 47|has_color|green,1,[0.98],False,0,0.735,0.735,0.88,False,0.735,False,False,"[""product_47""]","[""structured""]","[""structured_row:NeoTech Laptop Air 47""]",0,579,candidate
DEC023_NO_FEEDBACK,train_kb,conservative_noisy_or_conflict_adjusted,3,NeoTech Laptop Air 47,made_of_material,carbon fiber,neotech laptop air 47|made_of_material|carbon fiber,3,"[0.98, 0.95, 0.9]",True,0,0.9752390625,0.9752390625,0.88,True,0.9752390625,False,False,"[""product_47"", ""product_47"", ""product_47""]","[""structured"", ""unstructured"", ""unstructured""]","[""structured_row:NeoTech Laptop Air 47"", ""NeoTech Laptop Air 47 is manufactured by NeoTech. It is a laptop device. Priced at 249 USD. Comes with 6GB of RAM. Weighs approximately 1.8kg. Built with carbon fiber construction. Fast charging is yes."", ""NeoTech Laptop Air 47 is manufactured by NeoTech. It is a laptop device. Priced at 249 USD. Comes with 6GB of RAM. Weighs approximately 1.8kg. Built with carbon fiber construction. Fast charging is yes.""]",1,579,candidate
DEC023_NO_FEEDBACK,train_kb,conservative_noisy_or_conflict_adjusted,3,NeoTech Laptop Air 47,target_market_region,US,neotech laptop air 47|target_market_region|us,1,[0.98],True,0,0.735,0.735,0.88,False,0.735,False,False,"[""product_47""]","[""structured""]","[""structured_row:NeoTech Laptop Air 47""]",0,579,candidate
DEC023_NO_FEEDBACK,train_kb,conservative_noisy_or_conflict_adjusted,3,NeoTech Laptop Air 47,supports_fast_charging,yes,neotech laptop air 47|supports_fast_charging|yes,3,"[0.98, 0.95, 0.9]",True,0,0.9752390625,0.9752390625,0.88,True,0.9752390625,False,False,"[""product_47"", ""product_47"", ""product_47""]","[""structured"", ""unstructured"", ""unstructured""]","[""structured_row:NeoTech Laptop Air 47"", ""NeoTech Laptop Air 47 is manufactured by NeoTech. It is a laptop device. Priced at 249 USD. Comes with 6GB of RAM. Weighs approximately 1.8kg. Built with carbon fiber construction. Fast charging is yes."", ""NeoTech Laptop Air 47 is manufactured by NeoTech. It is a laptop device. Priced at 249 USD. Comes with 6GB of RAM. Weighs approximately 1.8kg. Built with carbon fiber construction. Fast charging is yes.""]",1,579,candidate
DEC023_NO_FEEDBACK,train_kb,conservative_noisy_or_conflict_adjusted,3,NeoTech Laptop Air 47,has_noise_cancellation,no,neotech laptop air 47|has_noise_cancellation|no,1,[0.98],True,0,0.735,0.735,0.88,False,0.735,False,False,"[""product_47""]","[""structured""]","[""structured_row:NeoTech Laptop Air 47""]",0,579,candidate
DEC023_NO_FEEDBACK,train_kb,conservative_noisy_or_conflict_adjusted,3,TechNova Tablet Lite 48,manufactured_by,TechNova,technova tablet lite 48|manufactured_by|technova,4,"[0.98, 0.95, 0.9, 0.91]",True,0,0.99213840234375,0.99213840234375,0.88,True,0.9752390625,False,False,"[""product_48"", ""product_48"", ""product_48"", ""product_48""]","[""structured"", ""unstructured"", ""unstructured"", ""unstructured""]","[""structured_row:TechNova Tablet Lite 48"", ""TechNova Tablet Lite 48 is manufactured by TechNova. Comes with 12GB of RAM. Offers 512GB of internal storage. Battery lasts up to 8 hours. Weighs approximately 1.2kg. Built with carbon fiber construction. Fast charging is yes."", ""TechNova Tablet Lite 48 is manufactured by TechNova. Comes with 12GB of RAM. Offers 512GB of internal storage. Battery lasts up to 8 hours. Weighs approximately 1.2kg. Built with carbon fiber construction. Fast charging is yes."", ""TechNova Tablet Lite 48 is manufactured by TechNova. Comes with 12GB of RAM. Offers 512GB of internal storage. Battery lasts up to 8 hours. Weighs approximately 1.2kg. Built with carbon fiber construction. Fast charging is yes.""]",1,579,candidate
DEC023_NO_FEEDBACK,train_kb,conservative_noisy_or_conflict_adjusted,3,TechNova Tablet Lite 48,belongs_to_category,tablet,technova tablet lite 48|belongs_to_category|tablet,1,[0.98],True,0,0.735,0.735,0.88,False,0.735,False,False,"[""product_48""]","[""structured""]","[""structured_row:TechNova Tablet Lite 48""]",0,579,candidate
DEC023_NO_FEEDBACK,train_kb,conservative_noisy_or_conflict_adjusted,3,TechNova Tablet Lite 48,has_price_usd,1299,technova tablet lite 48|has_price_usd|1299,1,[0.98],True,0,0.735,0.735,0.88,False,0.735,False,False,"[""product_48""]","[""structured""]","[""structured_row:TechNova Tablet Lite 48""]",0,579,candidate
DEC023_NO_FEEDBACK,train_kb,conservative_noisy_or_conflict_adjusted,3,TechNova Tablet Lite 48,has_screen_size_inch,13.3,technova tablet lite 48|has_screen_size_inch|13.3,1,[0.98],True,0,0.735,0.735,0.88,False,0.735,False,False,"[""product_48""]","[""structured""]","[""structured_row:TechNova Tablet Lite 48""]",0,579,candidate
DEC023_NO_FEEDBACK,train_kb,conservative_noisy_or_conflict_adjusted,3,TechNova Tablet Lite 48,has_ram_gb,12,technova tablet lite 48|has_ram_gb|12,4,"[0.98, 0.92, 0.9, 0.91]",True,0,0.991523146875,0.991523146875,0.88,True,0.97330125,False,False,"[""product_48"", ""product_48"", ""product_48"", ""product_48""]","[""structured"", ""unstructured"", ""unstructured"", ""unstructured""]","[""structured_row:TechNova Tablet Lite 48"", ""TechNova Tablet Lite 48 is manufactured by TechNova. Comes with 12GB of RAM. Offers 512GB of internal storage. Battery lasts up to 8 hours. Weighs approximately 1.2kg. Built with carbon fiber construction. Fast charging is yes."", ""TechNova Tablet Lite 48 is manufactured by TechNova. Comes with 12GB of RAM. Offers 512GB of internal storage. Battery lasts up to 8 hours. Weighs approximately 1.2kg. Built with carbon fiber construction. Fast charging is yes."", ""TechNova Tablet Lite 48 is manufactured by TechNova. Comes with 12GB of RAM. Offers 512GB of internal storage. Battery lasts up to 8 hours. Weighs approximately 1.2kg. Built with carbon fiber construction. Fast charging is yes.""]",1,579,candidate
DEC023_NO_FEEDBACK,train_kb,conservative_noisy_or_conflict_adjusted,3,TechNova Tablet Lite 48,has_storage_gb,512,technova tablet lite 48|has_storage_gb|512,4,"[0.98, 0.9, 0.9, 0.91]",True,0,0.9911129765625,0.9911129765625,0.88,True,0.972009375,False,False,"[""product_48"", ""product_48"", ""product_48"", ""product_48""]","[""structured"", ""unstructured"", ""unstructured"", ""unstructured""]","[""structured_row:TechNova Tablet Lite 48"", ""TechNova Tablet Lite 48 is manufactured by TechNova. Comes with 12GB of RAM. Offers 512GB of internal storage. Battery lasts up to 8 hours. Weighs approximately 1.2kg. Built with carbon fiber construction. Fast charging is yes."", ""TechNova Tablet Lite 48 is manufactured by TechNova. Comes with 12GB of RAM. Offers 512GB of internal storage. Battery lasts up to 8 hours. Weighs approximately 1.2kg. Built with carbon fiber construction. Fast charging is yes."", ""TechNova Tablet Lite 48 is manufactured by TechNova. Comes with 12GB of RAM. Offers 512GB of internal storage. Battery lasts up to 8 hours. Weighs approximately 1.2kg. Built with carbon fiber construction. Fast charging is yes.""]",1,579,candidate
DEC023_NO_FEEDBACK,train_kb,conservative_noisy_or_conflict_adjusted,3,TechNova Tablet Lite 48,has_battery_life_hours,8,technova tablet lite 48|has_battery_life_hours|8,4,"[0.98, 0.91, 0.9, 0.91]",True,0,0.99131806171875,0.99131806171875,0.88,True,0.9726553125,False,False,"[""product_48"", ""product_48"", ""product_48"", ""product_48""]","[""structured"", ""unstructured"", ""unstructured"", ""unstructured""]","[""structured_row:TechNova Tablet Lite 48"", ""TechNova Tablet Lite 48 is manufactured by TechNova. Comes with 12GB of RAM. Offers 512GB of internal storage. Battery lasts up to 8 hours. Weighs approximately 1.2kg. Built with carbon fiber construction. Fast charging is yes."", ""TechNova Tablet Lite 48 is manufactured by TechNova. Comes with 12GB of RAM. Offers 512GB of internal storage. Battery lasts up to 8 hours. Weighs approximately 1.2kg. Built with carbon fiber construction. Fast charging is yes."", ""TechNova Tablet Lite 48 is manufactured by TechNova. Comes with 12GB of RAM. Offers 512GB of internal storage. Battery lasts up to 8 hours. Weighs approximately 1.2kg. Built with carbon fiber construction. Fast charging is yes.""]",1,579,candidate
DEC023_NO_FEEDBACK,train_kb,conservative_noisy_or_conflict_adjusted,3,TechNova Tablet Lite 48,has_weight_kg,1.2,technova tablet lite 48|has_weight_kg|1.2,4,"[0.98, 0.93, 0.9, 0.91]",True,0,0.99172823203125,0.99172823203125,0.88,True,0.9739471875,False,False,"[""product_48"", ""product_48"", ""product_48"", ""product_48""]","[""structured"", ""unstructured"", ""unstructured"", ""unstructured""]","[""structured_row:TechNova Tablet Lite 48"", ""TechNova Tablet Lite 48 is manufactured by TechNova. Comes with 12GB of RAM. Offers 512GB of internal storage. Battery lasts up to 8 hours. Weighs approximately 1.2kg. Built with carbon fiber construction. Fast charging is yes."", ""TechNova Tablet Lite 48 is manufactured by TechNova. Comes with 12GB of RAM. Offers 512GB of internal storage. Battery lasts up to 8 hours. Weighs approximately 1.2kg. Built with carbon fiber construction. Fast charging is yes."", ""TechNova Tablet Lite 48 is manufactured by TechNova. Comes with 12GB of RAM. Offers 512GB of internal storage. Battery lasts up to 8 hours. Weighs approximately 1.2kg. Built with carbon fiber construction. Fast charging is yes.""]",1,579,candidate
DEC023_NO_FEEDBACK,train_kb,conservative_noisy_or_conflict_adjusted,3,TechNova Tablet Lite 48,has_color,blue,technova tablet lite 48|has_color|blue,1,[0.98],False,0,0.735,0.735,0.88,False,0.735,False,False,"[""product_48""]","[""structured""]","[""structured_row:TechNova Tablet Lite 48""]",0,579,candidate
DEC023_NO_FEEDBACK,train_kb,conservative_noisy_or_conflict_adjusted,3,TechNova Tablet Lite 48,made_of_material,carbon fiber,technova tablet lite 48|made_of_material|carbon fiber,3,"[0.98, 0.94, 0.9]",True,0,0.974593125,0.974593125,0.88,True,0.974593125,False,False,"[""product_48"", ""product_48"", ""product_48""]","[""structured"", ""unstructured"", ""unstructured""]","[""structured_row:TechNova Tablet Lite 48"", ""TechNova Tablet Lite 48 is manufactured by TechNova. Comes with 12GB of RAM. Offers 512GB of internal storage. Battery lasts up to 8 hours. Weighs approximately 1.2kg. Built with carbon fiber construction. Fast charging is yes."", ""TechNova Tablet Lite 48 is manufactured by TechNova. Comes with 12GB of RAM. Offers 512GB of internal storage. Battery lasts up to 8 hours. Weighs approximately 1.2kg. Built with carbon fiber construction. Fast charging is yes.""]",1,579,candidate
DEC023_NO_FEEDBACK,train_kb,conservative_noisy_or_conflict_adjusted,3,TechNova Tablet Lite 48,target_market_region,Global,technova tablet lite 48|target_market_region|global,1,[0.98],True,0,0.735,0.735,0.88,False,0.735,False,False,"[""product_48""]","[""structured""]","[""structured_row:TechNova Tablet Lite 48""]",0,579,candidate
DEC023_NO_FEEDBACK,train_kb,conservative_noisy_or_conflict_adjusted,3,TechNova Tablet Lite 48,supports_fast_charging,yes,technova tablet lite 48|supports_fast_charging|yes,4,"[0.98, 0.96, 0.9, 0.91]",True,0,0.9923434875,0.9923434875,0.88,True,0.975885,False,False,"[""product_48"", ""product_48"", ""product_48"", ""product_48""]","[""structured"", ""unstructured"", ""unstructured"", ""unstructured""]","[""structured_row:TechNova Tablet Lite 48"", ""TechNova Tablet Lite 48 is manufactured by TechNova. Comes with 12GB of RAM. Offers 512GB of internal storage. Battery lasts up to 8 hours. Weighs approximately 1.2kg. Built with carbon fiber construction. Fast charging is yes."", ""TechNova Tablet Lite 48 is manufactured by TechNova. Comes with 12GB of RAM. Offers 512GB of internal storage. Battery lasts up to 8 hours. Weighs approximately 1.2kg. Built with carbon fiber construction. Fast charging is yes."", ""TechNova Tablet Lite 48 is manufactured by TechNova. Comes with 12GB of RAM. Offers 512GB of internal storage. Battery lasts up to 8 hours. Weighs approximately 1.2kg. Built with carbon fiber construction. Fast charging is yes.""]",1,579,candidate
DEC023_NO_FEEDBACK,train_kb,conservative_noisy_or_conflict_adjusted,3,TechNova Tablet Lite 48,has_noise_cancellation,no,technova tablet lite 48|has_noise_cancellation|no,1,[0.98],True,0,0.735,0.735,0.88,False,0.735,False,False,"[""product_48""]","[""structured""]","[""structured_row:TechNova Tablet Lite 48""]",0,579,candidate
DEC023_NO_FEEDBACK,train_kb,conservative_noisy_or_conflict_adjusted,3,TechNova Laptop Lite 49,manufactured_by,TechNova,technova laptop lite 49|manufactured_by|technova,1,[0.98],True,0,0.735,0.735,0.88,False,0.735,False,False,"[""product_49""]","[""structured""]","[""structured_row:TechNova Laptop Lite 49""]",0,579,candidate
DEC023_NO_FEEDBACK,train_kb,conservative_noisy_or_conflict_adjusted,3,TechNova Laptop Lite 49,belongs_to_category,laptop,technova laptop lite 49|belongs_to_category|laptop,1,[0.98],True,0,0.735,0.735,0.88,False,0.735,False,False,"[""product_49""]","[""structured""]","[""structured_row:TechNova Laptop Lite 49""]",1,579,candidate
DEC023_NO_FEEDBACK,train_kb,conservative_noisy_or_conflict_adjusted,3,TechNova Laptop Lite 49,has_price_usd,199,technova laptop lite 49|has_price_usd|199,1,[0.98],True,0,0.735,0.735,0.88,False,0.735,False,False,"[""product_49""]","[""structured""]","[""structured_row:TechNova Laptop Lite 49""]",1,579,candidate
DEC023_NO_FEEDBACK,train_kb,conservative_noisy_or_conflict_adjusted,3,TechNova Laptop Lite 49,has_screen_size_inch,15.6,technova laptop lite 49|has_screen_size_inch|15.6,1,[0.98],True,0,0.735,0.735,0.88,False,0.735,False,False,"[""product_49""]","[""structured""]","[""structured_row:TechNova Laptop Lite 49""]",1,579,candidate
DEC023_NO_FEEDBACK,train_kb,conservative_noisy_or_conflict_adjusted,3,TechNova Laptop Lite 49,has_ram_gb,6,technova laptop lite 49|has_ram_gb|6,1,[0.98],True,0,0.735,0.735,0.88,False,0.735,False,False,"[""product_49""]","[""structured""]","[""structured_row:TechNova Laptop Lite 49""]",1,579,candidate
DEC023_NO_FEEDBACK,train_kb,conservative_noisy_or_conflict_adjusted,3,TechNova Laptop Lite 49,has_storage_gb,512,technova laptop lite 49|has_storage_gb|512,1,[0.98],True,0,0.735,0.735,0.88,False,0.735,False,False,"[""product_49""]","[""structured""]","[""structured_row:TechNova Laptop Lite 49""]",0,579,candidate
DEC023_NO_FEEDBACK,train_kb,conservative_noisy_or_conflict_adjusted,3,TechNova Laptop Lite 49,has_battery_life_hours,18,technova laptop lite 49|has_battery_life_hours|18,1,[0.98],True,0,0.735,0.735,0.88,False,0.735,False,False,"[""product_49""]","[""structured""]","[""structured_row:TechNova Laptop Lite 49""]",1,579,candidate
DEC023_NO_FEEDBACK,train_kb,conservative_noisy_or_conflict_adjusted,3,TechNova Laptop Lite 49,has_weight_kg,1.45,technova laptop lite 49|has_weight_kg|1.45,1,[0.98],True,0,0.735,0.735,0.88,False,0.735,False,False,"[""product_49""]","[""structured""]","[""structured_row:TechNova Laptop Lite 49""]",1,579,candidate
DEC023_NO_FEEDBACK,train_kb,conservative_noisy_or_conflict_adjusted,3,TechNova Laptop Lite 49,has_color,green,technova laptop lite 49|has_color|green,1,[0.98],False,0,0.735,0.735,0.88,False,0.735,False,False,"[""product_49""]","[""structured""]","[""structured_row:TechNova Laptop Lite 49""]",0,579,candidate
DEC023_NO_FEEDBACK,train_kb,conservative_noisy_or_conflict_adjusted,3,TechNova Laptop Lite 49,made_of_material,carbon fiber,technova laptop lite 49|made_of_material|carbon fiber,1,[0.98],True,0,0.735,0.735,0.88,False,0.735,False,False,"[""product_49""]","[""structured""]","[""structured_row:TechNova Laptop Lite 49""]",1,579,candidate
DEC023_NO_FEEDBACK,train_kb,conservative_noisy_or_conflict_adjusted,3,TechNova Laptop Lite 49,target_market_region,EU,technova laptop lite 49|target_market_region|eu,1,[0.98],True,0,0.735,0.735,0.88,False,0.735,False,False,"[""product_49""]","[""structured""]","[""structured_row:TechNova Laptop Lite 49""]",0,579,candidate
DEC023_NO_FEEDBACK,train_kb,conservative_noisy_or_conflict_adjusted,3,TechNova Laptop Lite 49,supports_fast_charging,no,technova laptop lite 49|supports_fast_charging|no,1,[0.98],True,0,0.735,0.735,0.88,False,0.735,False,False,"[""product_49""]","[""structured""]","[""structured_row:TechNova Laptop Lite 49""]",0,579,candidate
DEC023_NO_FEEDBACK,train_kb,conservative_noisy_or_conflict_adjusted,3,TechNova Laptop Lite 49,has_noise_cancellation,no,technova laptop lite 49|has_noise_cancellation|no,1,[0.98],True,0,0.735,0.735,0.88,False,0.735,False,False,"[""product_49""]","[""structured""]","[""structured_row:TechNova Laptop Lite 49""]",0,579,candidate
DEC023_NO_FEEDBACK,train_kb,conservative_noisy_or_conflict_adjusted,3,VoltEdge Headphones Max 50,manufactured_by,VoltEdge,voltedge headphones max 50|manufactured_by|voltedge,1,[0.98],True,0,0.735,0.735,0.88,False,0.735,False,False,"[""product_50""]","[""structured""]","[""structured_row:VoltEdge Headphones Max 50""]",0,579,candidate
DEC023_NO_FEEDBACK,train_kb,conservative_noisy_or_conflict_adjusted,3,VoltEdge Headphones Max 50,belongs_to_category,headphones,voltedge headphones max 50|belongs_to_category|headphones,1,[0.98],True,0,0.735,0.735,0.88,False,0.735,False,False,"[""product_50""]","[""structured""]","[""structured_row:VoltEdge Headphones Max 50""]",1,579,candidate
DEC023_NO_FEEDBACK,train_kb,conservative_noisy_or_conflict_adjusted,3,VoltEdge Headphones Max 50,has_price_usd,699,voltedge headphones max 50|has_price_usd|699,1,[0.98],True,0,0.735,0.735,0.88,False,0.735,False,False,"[""product_50""]","[""structured""]","[""structured_row:VoltEdge Headphones Max 50""]",0,579,candidate
DEC023_NO_FEEDBACK,train_kb,conservative_noisy_or_conflict_adjusted,3,VoltEdge Headphones Max 50,has_screen_size_inch,11.0,voltedge headphones max 50|has_screen_size_inch|11.0,1,[0.98],True,0,0.735,0.735,0.88,False,0.735,False,False,"[""product_50""]","[""structured""]","[""structured_row:VoltEdge Headphones Max 50""]",0,579,candidate
DEC023_NO_FEEDBACK,train_kb,conservative_noisy_or_conflict_adjusted,3,VoltEdge Headphones Max 50,has_ram_gb,32,voltedge headphones max 50|has_ram_gb|32,1,[0.98],True,0,0.735,0.735,0.88,False,0.735,False,False,"[""product_50""]","[""structured""]","[""structured_row:VoltEdge Headphones Max 50""]",1,579,candidate
DEC023_NO_FEEDBACK,train_kb,conservative_noisy_or_conflict_adjusted,3,VoltEdge Headphones Max 50,has_storage_gb,512,voltedge headphones max 50|has_storage_gb|512,1,[0.98],True,0,0.735,0.735,0.88,False,0.735,False,False,"[""product_50""]","[""structured""]","[""structured_row:VoltEdge Headphones Max 50""]",1,579,candidate
DEC023_NO_FEEDBACK,train_kb,conservative_noisy_or_conflict_adjusted,3,VoltEdge Headphones Max 50,has_battery_life_hours,12,voltedge headphones max 50|has_battery_life_hours|12,1,[0.98],True,0,0.735,0.735,0.88,False,0.735,False,False,"[""product_50""]","[""structured""]","[""structured_row:VoltEdge Headphones Max 50""]",1,579,candidate
DEC023_NO_FEEDBACK,train_kb,conservative_noisy_or_conflict_adjusted,3,VoltEdge Headphones Max 50,has_weight_kg,1.45,voltedge headphones max 50|has_weight_kg|1.45,1,[0.98],True,0,0.735,0.735,0.88,False,0.735,False,False,"[""product_50""]","[""structured""]","[""structured_row:VoltEdge Headphones Max 50""]",1,579,candidate
DEC023_NO_FEEDBACK,train_kb,conservative_noisy_or_conflict_adjusted,3,VoltEdge Headphones Max 50,has_color,blue,voltedge headphones max 50|has_color|blue,1,[0.98],False,0,0.735,0.735,0.88,False,0.735,False,False,"[""product_50""]","[""structured""]","[""structured_row:VoltEdge Headphones Max 50""]",0,579,candidate
DEC023_NO_FEEDBACK,train_kb,conservative_noisy_or_conflict_adjusted,3,VoltEdge Headphones Max 50,made_of_material,plastic,voltedge headphones max 50|made_of_material|plastic,1,[0.98],True,0,0.735,0.735,0.88,False,0.735,False,False,"[""product_50""]","[""structured""]","[""structured_row:VoltEdge Headphones Max 50""]",0,579,candidate
DEC023_NO_FEEDBACK,train_kb,conservative_noisy_or_conflict_adjusted,3,VoltEdge Headphones Max 50,target_market_region,EU,voltedge headphones max 50|target_market_region|eu,1,[0.98],True,0,0.735,0.735,0.88,False,0.735,False,False,"[""product_50""]","[""structured""]","[""structured_row:VoltEdge Headphones Max 50""]",1,579,candidate
DEC023_NO_FEEDBACK,train_kb,conservative_noisy_or_conflict_adjusted,3,VoltEdge Headphones Max 50,supports_fast_charging,no,voltedge headphones max 50|supports_fast_charging|no,1,[0.98],True,0,0.735,0.735,0.88,False,0.735,False,False,"[""product_50""]","[""structured""]","[""structured_row:VoltEdge Headphones Max 50""]",1,579,candidate
DEC023_NO_FEEDBACK,train_kb,conservative_noisy_or_conflict_adjusted,3,VoltEdge Headphones Max 50,has_noise_cancellation,yes,voltedge headphones max 50|has_noise_cancellation|yes,1,[0.98],True,0,0.735,0.735,0.88,False,0.735,False,False,"[""product_50""]","[""structured""]","[""structured_row:VoltEdge Headphones Max 50""]",0,579,candidate
DEC023_NO_FEEDBACK,train_kb,conservative_noisy_or_conflict_adjusted,3,TechNova Laptop Air 47,has_price_usd,499,technova laptop air 47|has_price_usd|499,1,[0.91],True,0,0.6825,0.6825,0.88,False,0.6825,False,False,"[""product_2""]","[""unstructured""]","[""It is a laptop device. Priced at 499 USD. The display measures 15.6 inches. Comes with 4GB of RAM. Offers 128GB of internal storage. Available in green. Targeted at the US market.""]",0,579,candidate
DEC023_NO_FEEDBACK,train_kb,conservative_noisy_or_conflict_adjusted,3,TechNova Laptop Air 47,has_screen_size_inch,15.6,technova laptop air 47|has_screen_size_inch|15.6,1,[0.91],True,0,0.6825,0.6825,0.88,False,0.6825,False,False,"[""product_2""]","[""unstructured""]","[""It is a laptop device. Priced at 499 USD. The display measures 15.6 inches. Comes with 4GB of RAM. Offers 128GB of internal storage. Available in green. Targeted at the US market.""]",0,579,candidate
DEC023_NO_FEEDBACK,train_kb,conservative_noisy_or_conflict_adjusted,3,TechNova Laptop Air 47,has_ram_gb,4,technova laptop air 47|has_ram_gb|4,1,[0.91],True,0,0.6825,0.6825,0.88,False,0.6825,False,False,"[""product_2""]","[""unstructured""]","[""It is a laptop device. Priced at 499 USD. The display measures 15.6 inches. Comes with 4GB of RAM. Offers 128GB of internal storage. Available in green. Targeted at the US market.""]",0,579,candidate
DEC023_NO_FEEDBACK,train_kb,conservative_noisy_or_conflict_adjusted,3,TechNova Laptop Air 47,has_storage_gb,128,technova laptop air 47|has_storage_gb|128,1,[0.91],True,0,0.6825,0.6825,0.88,False,0.6825,False,False,"[""product_2""]","[""unstructured""]","[""It is a laptop device. Priced at 499 USD. The display measures 15.6 inches. Comes with 4GB of RAM. Offers 128GB of internal storage. Available in green. Targeted at the US market.""]",0,579,candidate
DEC023_NO_FEEDBACK,train_kb,conservative_noisy_or_conflict_adjusted,3,TechNova Laptop Air 47,has_color,green,technova laptop air 47|has_color|green,1,[0.91],False,0,0.6825,0.6825,0.88,False,0.6825,False,False,"[""product_2""]","[""unstructured""]","[""It is a laptop device. Priced at 499 USD. The display measures 15.6 inches. Comes with 4GB of RAM. Offers 128GB of internal storage. Available in green. Targeted at the US market.""]",0,579,candidate
DEC023_NO_FEEDBACK,train_kb,conservative_noisy_or_conflict_adjusted,3,TechNova Laptop Air 47,target_market_region,US,technova laptop air 47|target_market_region|us,1,[0.91],True,0,0.6825,0.6825,0.88,False,0.6825,False,False,"[""product_2""]","[""unstructured""]","[""It is a laptop device. Priced at 499 USD. The display measures 15.6 inches. Comes with 4GB of RAM. Offers 128GB of internal storage. Available in green. Targeted at the US market.""]",0,579,candidate
DEC023_NO_FEEDBACK,train_kb,conservative_noisy_or_conflict_adjusted,3,TechNova Smartphone Pro 1,has_noise_cancellation,yes,technova smartphone pro 1|has_noise_cancellation|yes,2,"[0.9, 0.91]",True,1,0.8968125,0.44840625,0.88,False,0.3375,False,False,"[""product_8"", ""product_8""]","[""unstructured"", ""unstructured""]","[""Priced at 199 USD. The display measures 14.0 inches. Comes with 32GB of RAM. Weighs approximately 1.8kg. Available in blue. Targeted at the US market. Noise cancellation: yes."", ""Priced at 199 USD. The display measures 14.0 inches. Comes with 32GB of RAM. Weighs approximately 1.8kg. Available in blue. Targeted at the US market. Noise cancellation: yes.""]",0,579,candidate
DEC023_NO_FEEDBACK,train_kb,conservative_noisy_or_conflict_adjusted,3,laptop device,has_price_usd,199,laptop device|has_price_usd|199,1,[0.9],True,1,0.675,0.3375,0.88,False,0.3375,False,False,"[""product_9""]","[""unstructured""]","[""It is a laptop device. Priced at 199 USD. Weighs approximately 0.18kg. Available in green. Built with aluminum construction. Targeted at the APAC market. Fast charging is yes.""]",0,579,candidate
DEC023_NO_FEEDBACK,train_kb,conservative_noisy_or_conflict_adjusted,3,laptop device,has_weight_kg,0.18,laptop device|has_weight_kg|0.18,1,[0.9],True,0,0.675,0.675,0.88,False,0.675,False,False,"[""product_9""]","[""unstructured""]","[""It is a laptop device. Priced at 199 USD. Weighs approximately 0.18kg. Available in green. Built with aluminum construction. Targeted at the APAC market. Fast charging is yes.""]",0,579,candidate
DEC023_NO_FEEDBACK,train_kb,conservative_noisy_or_conflict_adjusted,3,laptop device,made_of_material,aluminum,laptop device|made_of_material|aluminum,1,[0.9],True,0,0.675,0.675,0.88,False,0.675,False,False,"[""product_9""]","[""unstructured""]","[""It is a laptop device. Priced at 199 USD. Weighs approximately 0.18kg. Available in green. Built with aluminum construction. Targeted at the APAC market. Fast charging is yes.""]",0,579,candidate
DEC023_NO_FEEDBACK,train_kb,conservative_noisy_or_conflict_adjusted,3,laptop device,target_market_region,APAC,laptop device|target_market_region|apac,1,[0.9],True,1,0.675,0.3375,0.88,False,0.3375,False,False,"[""product_9""]","[""unstructured""]","[""It is a laptop device. Priced at 199 USD. Weighs approximately 0.18kg. Available in green. Built with aluminum construction. Targeted at the APAC market. Fast charging is yes.""]",0,579,candidate
DEC023_NO_FEEDBACK,train_kb,conservative_noisy_or_conflict_adjusted,3,laptop device,supports_fast_charging,yes,laptop device|supports_fast_charging|yes,1,[0.9],True,0,0.675,0.675,0.88,False,0.675,False,False,"[""product_9""]","[""unstructured""]","[""It is a laptop device. Priced at 199 USD. Weighs approximately 0.18kg. Available in green. Built with aluminum construction. Targeted at the APAC market. Fast charging is yes.""]",0,579,candidate
DEC023_NO_FEEDBACK,train_kb,conservative_noisy_or_conflict_adjusted,3,smartwatch device,has_price_usd,899,smartwatch device|has_price_usd|899,1,[0.9],True,0,0.675,0.675,0.88,False,0.675,False,False,"[""product_16""]","[""unstructured""]","[""It is a smartwatch device. Priced at 899 USD. Offers 128GB of internal storage. Battery lasts up to 18 hours. Available in silver. Built with aluminum construction. Noise cancellation: no.""]",0,579,candidate
DEC023_NO_FEEDBACK,train_kb,conservative_noisy_or_conflict_adjusted,3,smartwatch device,has_storage_gb,128,smartwatch device|has_storage_gb|128,1,[0.9],True,1,0.675,0.3375,0.88,False,0.3375,False,False,"[""product_16""]","[""unstructured""]","[""It is a smartwatch device. Priced at 899 USD. Offers 128GB of internal storage. Battery lasts up to 18 hours. Available in silver. Built with aluminum construction. Noise cancellation: no.""]",0,579,candidate
DEC023_NO_FEEDBACK,train_kb,conservative_noisy_or_conflict_adjusted,3,smartwatch device,has_battery_life_hours,18,smartwatch device|has_battery_life_hours|18,1,[0.9],True,1,0.675,0.3375,0.88,False,0.3375,False,False,"[""product_16""]","[""unstructured""]","[""It is a smartwatch device. Priced at 899 USD. Offers 128GB of internal storage. Battery lasts up to 18 hours. Available in silver. Built with aluminum construction. Noise cancellation: no.""]",0,579,candidate
DEC023_NO_FEEDBACK,train_kb,conservative_noisy_or_conflict_adjusted,3,smartwatch device,has_color,silver,smartwatch device|has_color|silver,1,[0.9],False,1,0.675,0.675,0.88,False,0.675,False,False,"[""product_16""]","[""unstructured""]","[""It is a smartwatch device. Priced at 899 USD. Offers 128GB of internal storage. Battery lasts up to 18 hours. Available in silver. Built with aluminum construction. Noise cancellation: no.""]",0,579,candidate
DEC023_NO_FEEDBACK,train_kb,conservative_noisy_or_conflict_adjusted,3,smartwatch device,made_of_material,aluminum,smartwatch device|made_of_material|aluminum,2,"[0.9, 0.85]",True,1,0.8821875,0.44109375,0.88,False,0.44109375,False,False,"[""product_16"", ""product_25""]","[""unstructured"", ""unstructured""]","[""It is a smartwatch device. Priced at 899 USD. Offers 128GB of internal storage. Battery lasts up to 18 hours. Available in silver. Built with aluminum construction. Noise cancellation: no."", ""It is a smartwatch device. Comes with 16GB of RAM. Offers 128GB of internal storage. Weighs approximately 0.55kg. Built with aluminum construction. Targeted at the Global market. Fast charging is yes.""]",0,579,candidate
DEC023_NO_FEEDBACK,train_kb,conservative_noisy_or_conflict_adjusted,3,smartwatch device,has_noise_cancellation,no,smartwatch device|has_noise_cancellation|no,1,[0.9],True,0,0.675,0.675,0.88,False,0.675,False,False,"[""product_16""]","[""unstructured""]","[""It is a smartwatch device. Priced at 899 USD. Offers 128GB of internal storage. Battery lasts up to 18 hours. Available in silver. Built with aluminum construction. Noise cancellation: no.""]",0,579,candidate
DEC023_NO_FEEDBACK,train_kb,conservative_noisy_or_conflict_adjusted,3,TechNova Smartphone Pro 1,has_price_usd,299,technova smartphone pro 1|has_price_usd|299,4,"[0.91, 0.91, 0.91, 0.91]",True,2,0.9898380999609375,0.3299460333203125,0.88,False,0.29973125,False,False,"[""product_19"", ""product_22"", ""product_19"", ""product_22""]","[""unstructured"", ""unstructured"", ""unstructured"", ""unstructured""]","[""Priced at 299 USD. The display measures 10.9 inches. Comes with 8GB of RAM. Weighs approximately 1.45kg. Available in blue. Targeted at the EU market. Fast charging is no."", ""Priced at 299 USD. The display measures 15.6 inches. Comes with 6GB of RAM. Battery lasts up to 8 hours. Targeted at the US market. Fast charging is no. Noise cancellation: no."", ""Priced at 299 USD. The display measures 10.9 inches. Comes with 8GB of RAM. Weighs approximately 1.45kg. Available in blue. Targeted at the EU market. Fast charging is no."", ""Priced at 299 USD. The display measures 15.6 inches. Comes with 6GB of RAM. Battery lasts up to 8 hours. Targeted at the US market. Fast charging is no. Noise cancellation: no.""]",0,579,candidate
DEC023_NO_FEEDBACK,train_kb,conservative_noisy_or_conflict_adjusted,3,TechNova Smartphone Pro 1,has_screen_size_inch,10.9,technova smartphone pro 1|has_screen_size_inch|10.9,2,"[0.91, 0.91]",True,4,0.89919375,0.17983875,0.88,False,0.1365,False,False,"[""product_19"", ""product_19""]","[""unstructured"", ""unstructured""]","[""Priced at 299 USD. The display measures 10.9 inches. Comes with 8GB of RAM. Weighs approximately 1.45kg. Available in blue. Targeted at the EU market. Fast charging is no."", ""Priced at 299 USD. The display measures 10.9 inches. Comes with 8GB of RAM. Weighs approximately 1.45kg. Available in blue. Targeted at the EU market. Fast charging is no.""]",0,579,candidate
DEC023_NO_FEEDBACK,train_kb,conservative_noisy_or_conflict_adjusted,3,TechNova Smartphone Pro 1,has_weight_kg,1.45,technova smartphone pro 1|has_weight_kg|1.45,3,"[0.91, 0.9, 0.91]",True,2,0.96723796875,0.32241265625,0.88,False,0.2989375,False,False,"[""product_19"", ""product_50"", ""product_19""]","[""unstructured"", ""unstructured"", ""unstructured""]","[""Priced at 299 USD. The display measures 10.9 inches. Comes with 8GB of RAM. Weighs approximately 1.45kg. Available in blue. Targeted at the EU market. Fast charging is no."", ""It is a headphones device. Comes with 32GB of RAM. Offers 512GB of internal storage. Battery lasts up to 12 hours. Weighs approximately 1.45kg. Targeted at the EU market. Fast charging is no."", ""Priced at 299 USD. The display measures 10.9 inches. Comes with 8GB of RAM. Weighs approximately 1.45kg. Available in blue. Targeted at the EU market. Fast charging is no.""]",0,579,candidate
DEC023_NO_FEEDBACK,train_kb,conservative_noisy_or_conflict_adjusted,3,TechNova Smartphone Pro 1,target_market_region,EU,technova smartphone pro 1|target_market_region|eu,4,"[0.91, 0.9, 0.9, 0.91]",True,1,0.98935233984375,0.494676169921875,0.88,False,0.48323203125,False,False,"[""product_19"", ""product_36"", ""product_50"", ""product_19""]","[""unstructured"", ""unstructured"", ""unstructured"", ""unstructured""]","[""Priced at 299 USD. The display measures 10.9 inches. Comes with 8GB of RAM. Weighs approximately 1.45kg. Available in blue. Targeted at the EU market. Fast charging is no."", ""It is a headphones device. The display measures 6.1 inches. Offers 64GB of internal storage. Built with carbon fiber construction. Targeted at the EU market. Fast charging is no. Noise cancellation: no."", ""It is a headphones device. Comes with 32GB of RAM. Offers 512GB of internal storage. Battery lasts up to 12 hours. Weighs approximately 1.45kg. Targeted at the EU market. Fast charging is no."", ""Priced at 299 USD. The display measures 10.9 inches. Comes with 8GB of RAM. Weighs approximately 1.45kg. Available in blue. Targeted at the EU market. Fast charging is no.""]",0,579,candidate
DEC023_NO_FEEDBACK,train_kb,conservative_noisy_or_conflict_adjusted,3,TechNova Smartphone Pro 1,supports_fast_charging,no,technova smartphone pro 1|supports_fast_charging|no,6,"[0.91, 0.91, 0.9, 0.9, 0.91, 0.91]",True,1,0.998926649308374,0.499463324654187,0.88,False,0.494676169921875,False,False,"[""product_19"", ""product_22"", ""product_36"", ""product_50"", ""product_19"", ""product_22""]","[""unstructured"", ""unstructured"", ""unstructured"", ""unstructured"", ""unstructured"", ""unstructured""]","[""Priced at 299 USD. The display measures 10.9 inches. Comes with 8GB of RAM. Weighs approximately 1.45kg. Available in blue. Targeted at the EU market. Fast charging is no."", ""Priced at 299 USD. The display measures 15.6 inches. Comes with 6GB of RAM. Battery lasts up to 8 hours. Targeted at the US market. Fast charging is no. Noise cancellation: no."", ""It is a headphones device. The display measures 6.1 inches. Offers 64GB of internal storage. Built with carbon fiber construction. Targeted at the EU market. Fast charging is no. Noise cancellation: no."", ""It is a headphones device. Comes with 32GB of RAM. Offers 512GB of internal storage. Battery lasts up to 12 hours. Weighs approximately 1.45kg. Targeted at the EU market. Fast charging is no."", ""Priced at 299 USD. The display measures 10.9 inches. Comes with 8GB of RAM. Weighs approximately 1.45kg. Available in blue. Targeted at the EU market. Fast charging is no."", ""Priced at 299 USD. The display measures 15.6 inches. Comes with 6GB of RAM. Battery lasts up to 8 hours. Targeted at the US market. Fast charging is no. Noise cancellation: no.""]",0,579,candidate
DEC023_NO_FEEDBACK,train_kb,conservative_noisy_or_conflict_adjusted,3,TechNova Smartphone Pro 1,has_screen_size_inch,15.6,technova smartphone pro 1|has_screen_size_inch|15.6,2,"[0.91, 0.91]",True,4,0.89919375,0.17983875,0.88,False,0.1365,False,False,"[""product_22"", ""product_22""]","[""unstructured"", ""unstructured""]","[""Priced at 299 USD. The display measures 15.6 inches. Comes with 6GB of RAM. Battery lasts up to 8 hours. Targeted at the US market. Fast charging is no. Noise cancellation: no."", ""Priced at 299 USD. The display measures 15.6 inches. Comes with 6GB of RAM. Battery lasts up to 8 hours. Targeted at the US market. Fast charging is no. Noise cancellation: no.""]",0,579,candidate
DEC023_NO_FEEDBACK,train_kb,conservative_noisy_or_conflict_adjusted,3,TechNova Smartphone Pro 1,has_ram_gb,6,technova smartphone pro 1|has_ram_gb|6,2,"[0.91, 0.91]",True,2,0.89919375,0.29973125,0.88,False,0.2275,False,False,"[""product_22"", ""product_22""]","[""unstructured"", ""unstructured""]","[""Priced at 299 USD. The display measures 15.6 inches. Comes with 6GB of RAM. Battery lasts up to 8 hours. Targeted at the US market. Fast charging is no. Noise cancellation: no."", ""Priced at 299 USD. The display measures 15.6 inches. Comes with 6GB of RAM. Battery lasts up to 8 hours. Targeted at the US market. Fast charging is no. Noise cancellation: no.""]",0,579,candidate
DEC023_NO_FEEDBACK,train_kb,conservative_noisy_or_conflict_adjusted,3,TechNova Smartphone Pro 1,has_battery_life_hours,8,technova smartphone pro 1|has_battery_life_hours|8,2,"[0.91, 0.91]",True,4,0.89919375,0.17983875,0.88,False,0.1365,False,False,"[""product_22"", ""product_22""]","[""unstructured"", ""unstructured""]","[""Priced at 299 USD. The display measures 15.6 inches. Comes with 6GB of RAM. Battery lasts up to 8 hours. Targeted at the US market. Fast charging is no. Noise cancellation: no."", ""Priced at 299 USD. The display measures 15.6 inches. Comes with 6GB of RAM. Battery lasts up to 8 hours. Targeted at the US market. Fast charging is no. Noise cancellation: no.""]",0,579,candidate
DEC023_NO_FEEDBACK,train_kb,conservative_noisy_or_conflict_adjusted,3,TechNova Smartphone Pro 1,has_noise_cancellation,no,technova smartphone pro 1|has_noise_cancellation|no,3,"[0.91, 0.9, 0.91]",True,1,0.96723796875,0.483618984375,0.88,False,0.44840625,False,False,"[""product_22"", ""product_36"", ""product_22""]","[""unstructured"", ""unstructured"", ""unstructured""]","[""Priced at 299 USD. The display measures 15.6 inches. Comes with 6GB of RAM. Battery lasts up to 8 hours. Targeted at the US market. Fast charging is no. Noise cancellation: no."", ""It is a headphones device. The display measures 6.1 inches. Offers 64GB of internal storage. Built with carbon fiber construction. Targeted at the EU market. Fast charging is no. Noise cancellation: no."", ""Priced at 299 USD. The display measures 15.6 inches. Comes with 6GB of RAM. Battery lasts up to 8 hours. Targeted at the US market. Fast charging is no. Noise cancellation: no.""]",0,579,candidate
DEC023_NO_FEEDBACK,train_kb,conservative_noisy_or_conflict_adjusted,3,smartwatch device,has_ram_gb,16GB,smartwatch device|has_ram_gb|16gb,1,[0.85],True,0,0.6375,0.6375,0.88,False,0.6375,False,False,"[""product_25""]","[""unstructured""]","[""It is a smartwatch device. Comes with 16GB of RAM. Offers 128GB of internal storage. Weighs approximately 0.55kg. Built with aluminum construction. Targeted at the Global market. Fast charging is yes.""]",0,579,candidate
DEC023_NO_FEEDBACK,train_kb,conservative_noisy_or_conflict_adjusted,3,smartwatch device,has_weight_kg,0.55kg,smartwatch device|has_weight_kg|0.55kg,1,[0.85],True,0,0.6375,0.6375,0.88,False,0.6375,False,False,"[""product_25""]","[""unstructured""]","[""It is a smartwatch device. Comes with 16GB of RAM. Offers 128GB of internal storage. Weighs approximately 0.55kg. Built with aluminum construction. Targeted at the Global market. Fast charging is yes.""]",0,579,candidate
DEC023_NO_FEEDBACK,train_kb,conservative_noisy_or_conflict_adjusted,3,smartwatch device,target_market_region,Global,smartwatch device|target_market_region|global,1,[0.85],True,1,0.6375,0.31875,0.88,False,0.31875,False,False,"[""product_25""]","[""unstructured""]","[""It is a smartwatch device. Comes with 16GB of RAM. Offers 128GB of internal storage. Weighs approximately 0.55kg. Built with aluminum construction. Targeted at the Global market. Fast charging is yes.""]",0,579,candidate
DEC023_NO_FEEDBACK,train_kb,conservative_noisy_or_conflict_adjusted,3,smartwatch device,supports_fast_charging,yes,smartwatch device|supports_fast_charging|yes,1,[0.85],True,0,0.6375,0.6375,0.88,False,0.6375,False,False,"[""product_25""]","[""unstructured""]","[""It is a smartwatch device. Comes with 16GB of RAM. Offers 128GB of internal storage. Weighs approximately 0.55kg. Built with aluminum construction. Targeted at the Global market. Fast charging is yes.""]",0,579,candidate
DEC023_NO_FEEDBACK,train_kb,conservative_noisy_or_conflict_adjusted,3,It is a smartwatch device,has_ram_gb,128,it is a smartwatch device|has_ram_gb|128,1,[0.9],True,1,0.675,0.3375,0.88,False,0.3375,False,False,"[""product_27""]","[""unstructured""]","[""It is a smartwatch device. Offers 128GB of internal storage. Battery lasts up to 20 hours. Available in blue. Built with plastic construction. Targeted at the Global market. Fast charging is no.""]",0,579,candidate
DEC023_NO_FEEDBACK,train_kb,conservative_noisy_or_conflict_adjusted,3,It is a smartwatch device,has_battery_life_hours,20,it is a smartwatch device|has_battery_life_hours|20,1,[0.9],True,0,0.675,0.675,0.88,False,0.675,False,False,"[""product_27""]","[""unstructured""]","[""It is a smartwatch device. Offers 128GB of internal storage. Battery lasts up to 20 hours. Available in blue. Built with plastic construction. Targeted at the Global market. Fast charging is no.""]",0,579,candidate
DEC023_NO_FEEDBACK,train_kb,conservative_noisy_or_conflict_adjusted,3,It is a smartwatch device,has_color,blue,it is a smartwatch device|has_color|blue,1,[0.9],False,0,0.675,0.675,0.88,False,0.675,False,False,"[""product_27""]","[""unstructured""]","[""It is a smartwatch device. Offers 128GB of internal storage. Battery lasts up to 20 hours. Available in blue. Built with plastic construction. Targeted at the Global market. Fast charging is no.""]",0,579,candidate
DEC023_NO_FEEDBACK,train_kb,conservative_noisy_or_conflict_adjusted,3,It is a smartwatch device,made_of_material,plastic,it is a smartwatch device|made_of_material|plastic,1,[0.9],True,1,0.675,0.3375,0.88,False,0.3375,False,False,"[""product_27""]","[""unstructured""]","[""It is a smartwatch device. Offers 128GB of internal storage. Battery lasts up to 20 hours. Available in blue. Built with plastic construction. Targeted at the Global market. Fast charging is no.""]",0,579,candidate
DEC023_NO_FEEDBACK,train_kb,conservative_noisy_or_conflict_adjusted,3,It is a smartwatch device,supports_fast_charging,no,it is a smartwatch device|supports_fast_charging|no,1,[0.9],True,1,0.675,0.3375,0.88,False,0.3375,False,False,"[""product_27""]","[""unstructured""]","[""It is a smartwatch device. Offers 128GB of internal storage. Battery lasts up to 20 hours. Available in blue. Built with plastic construction. Targeted at the Global market. Fast charging is no.""]",0,579,candidate
DEC023_NO_FEEDBACK,train_kb,conservative_noisy_or_conflict_adjusted,3,TechNova Smartphone Pro 1,has_screen_size_inch,6.1,technova smartphone pro 1|has_screen_size_inch|6.1,2,"[0.91, 0.9]",True,4,0.8968125,0.1793625,0.88,False,0.1793625,False,False,"[""product_28"", ""product_36""]","[""unstructured"", ""unstructured""]","[""The display measures 6.1 inches. Battery lasts up to 18 hours. Weighs approximately 1.8kg. Available in blue. Built with aluminum construction. Targeted at the US market. Fast charging is yes."", ""It is a headphones device. The display measures 6.1 inches. Offers 64GB of internal storage. Built with carbon fiber construction. Targeted at the EU market. Fast charging is no. Noise cancellation: no.""]",0,579,candidate
DEC023_NO_FEEDBACK,train_kb,conservative_noisy_or_conflict_adjusted,3,TechNova Smartphone Pro 1,has_battery_life_hours,18,technova smartphone pro 1|has_battery_life_hours|18,1,[0.91],True,4,0.6825,0.1365,0.88,False,0.1365,False,False,"[""product_28""]","[""unstructured""]","[""The display measures 6.1 inches. Battery lasts up to 18 hours. Weighs approximately 1.8kg. Available in blue. Built with aluminum construction. Targeted at the US market. Fast charging is yes.""]",0,579,candidate
DEC023_NO_FEEDBACK,train_kb,conservative_noisy_or_conflict_adjusted,3,TechNova Smartphone Pro 1,made_of_material,aluminum,technova smartphone pro 1|made_of_material|aluminum,2,"[0.91, 0.9]",True,1,0.8968125,0.44840625,0.88,False,0.44840625,False,False,"[""product_28"", ""product_43""]","[""unstructured"", ""unstructured""]","[""The display measures 6.1 inches. Battery lasts up to 18 hours. Weighs approximately 1.8kg. Available in blue. Built with aluminum construction. Targeted at the US market. Fast charging is yes."", ""TechNova Smartphone Pro 43 is manufactured by TechNova. It is a smartphone device. The display measures 13.3 inches. Comes with 8GB of RAM. Weighs approximately 1.8kg. Available in green. Built with aluminum construction.""]",0,579,candidate
DEC023_NO_FEEDBACK,train_kb,conservative_noisy_or_conflict_adjusted,3,It is a tablet device,belongs_to_category,tablet,it is a tablet device|belongs_to_category|tablet,2,"[0.8, 0.85]",True,0,0.855,0.855,0.88,False,0.6000000000000001,False,False,"[""product_29"", ""product_29""]","[""unstructured"", ""unstructured""]","[""It is a tablet device. Priced at 899 USD. Offers 1024GB of internal storage. Battery lasts up to 14 hours. Weighs approximately 0.18kg. Available in silver. Fast charging is yes."", ""It is a tablet device. Priced at 899 USD. Offers 1024GB of internal storage. Battery lasts up to 14 hours. Weighs approximately 0.18kg. Available in silver. Fast charging is yes.""]",0,579,candidate
DEC023_NO_FEEDBACK,train_kb,conservative_noisy_or_conflict_adjusted,3,It is a tablet device,has_price_usd,899,it is a tablet device|has_price_usd|899,2,"[0.8, 0.92]",True,0,0.8760000000000001,0.8760000000000001,0.88,False,0.6000000000000001,False,False,"[""product_29"", ""product_29""]","[""unstructured"", ""unstructured""]","[""It is a tablet device. Priced at 899 USD. Offers 1024GB of internal storage. Battery lasts up to 14 hours. Weighs approximately 0.18kg. Available in silver. Fast charging is yes."", ""It is a tablet device. Priced at 899 USD. Offers 1024GB of internal storage. Battery lasts up to 14 hours. Weighs approximately 0.18kg. Available in silver. Fast charging is yes.""]",0,579,candidate
DEC023_NO_FEEDBACK,train_kb,conservative_noisy_or_conflict_adjusted,3,It is a tablet device,has_storage_gb,1024,it is a tablet device|has_storage_gb|1024,2,"[0.8, 0.93]",True,0,0.879,0.879,0.88,False,0.6000000000000001,False,False,"[""product_29"", ""product_29""]","[""unstructured"", ""unstructured""]","[""It is a tablet device. Priced at 899 USD. Offers 1024GB of internal storage. Battery lasts up to 14 hours. Weighs approximately 0.18kg. Available in silver. Fast charging is yes."", ""It is a tablet device. Priced at 899 USD. Offers 1024GB of internal storage. Battery lasts up to 14 hours. Weighs approximately 0.18kg. Available in silver. Fast charging is yes.""]",0,579,candidate
DEC023_NO_FEEDBACK,train_kb,conservative_noisy_or_conflict_adjusted,3,It is a tablet device,has_battery_life_hours,14,it is a tablet device|has_battery_life_hours|14,2,"[0.8, 0.94]",True,0,0.882,0.882,0.88,True,0.6000000000000001,True,False,"[""product_29"", ""product_29""]","[""unstructured"", ""unstructured""]","[""It is a tablet device. Priced at 899 USD. Offers 1024GB of internal storage. Battery lasts up to 14 hours. Weighs approximately 0.18kg. Available in silver. Fast charging is yes."", ""It is a tablet device. Priced at 899 USD. Offers 1024GB of internal storage. Battery lasts up to 14 hours. Weighs approximately 0.18kg. Available in silver. Fast charging is yes.""]",0,579,candidate
DEC023_NO_FEEDBACK,train_kb,conservative_noisy_or_conflict_adjusted,3,It is a tablet device,has_weight_kg,0.18,it is a tablet device|has_weight_kg|0.18,2,"[0.8, 0.95]",True,0,0.885,0.885,0.88,True,0.6000000000000001,True,False,"[""product_29"", ""product_29""]","[""unstructured"", ""unstructured""]","[""It is a tablet device. Priced at 899 USD. Offers 1024GB of internal storage. Battery lasts up to 14 hours. Weighs approximately 0.18kg. Available in silver. Fast charging is yes."", ""It is a tablet device. Priced at 899 USD. Offers 1024GB of internal storage. Battery lasts up to 14 hours. Weighs approximately 0.18kg. Available in silver. Fast charging is yes.""]",0,579,candidate
DEC023_NO_FEEDBACK,train_kb,conservative_noisy_or_conflict_adjusted,3,It is a tablet device,has_color,silver,it is a tablet device|has_color|silver,2,"[0.8, 0.96]",False,0,0.888,0.888,0.88,True,0.6000000000000001,True,False,"[""product_29"", ""product_29""]","[""unstructured"", ""unstructured""]","[""It is a tablet device. Priced at 899 USD. Offers 1024GB of internal storage. Battery lasts up to 14 hours. Weighs approximately 0.18kg. Available in silver. Fast charging is yes."", ""It is a tablet device. Priced at 899 USD. Offers 1024GB of internal storage. Battery lasts up to 14 hours. Weighs approximately 0.18kg. Available in silver. Fast charging is yes.""]",0,579,candidate
DEC023_NO_FEEDBACK,train_kb,conservative_noisy_or_conflict_adjusted,3,It is a tablet device,supports_fast_charging,yes,it is a tablet device|supports_fast_charging|yes,2,"[0.8, 0.85]",True,0,0.855,0.855,0.88,False,0.6000000000000001,False,False,"[""product_29"", ""product_29""]","[""unstructured"", ""unstructured""]","[""It is a tablet device. Priced at 899 USD. Offers 1024GB of internal storage. Battery lasts up to 14 hours. Weighs approximately 0.18kg. Available in silver. Fast charging is yes."", ""It is a tablet device. Priced at 899 USD. Offers 1024GB of internal storage. Battery lasts up to 14 hours. Weighs approximately 0.18kg. Available in silver. Fast charging is yes.""]",0,579,candidate
DEC023_NO_FEEDBACK,train_kb,conservative_noisy_or_conflict_adjusted,3,TechNova Smartphone Pro 1,has_storage_gb,64,technova smartphone pro 1|has_storage_gb|64,1,[0.9],True,3,0.675,0.16875,0.88,False,0.16875,False,False,"[""product_36""]","[""unstructured""]","[""It is a headphones device. The display measures 6.1 inches. Offers 64GB of internal storage. Built with carbon fiber construction. Targeted at the EU market. Fast charging is no. Noise cancellation: no.""]",0,579,candidate
DEC023_NO_FEEDBACK,train_kb,conservative_noisy_or_conflict_adjusted,3,TechNova Smartphone Pro 1,made_of_material,carbon fiber,technova smartphone pro 1|made_of_material|carbon fiber,1,[0.9],True,1,0.675,0.3375,0.88,False,0.3375,False,False,"[""product_36""]","[""unstructured""]","[""It is a headphones device. The display measures 6.1 inches. Offers 64GB of internal storage. Built with carbon fiber construction. Targeted at the EU market. Fast charging is no. Noise cancellation: no.""]",0,579,candidate
DEC023_NO_FEEDBACK,train_kb,conservative_noisy_or_conflict_adjusted,3,TechNova Smartphone Pro 1,has_screen_size_inch,13.3,technova smartphone pro 1|has_screen_size_inch|13.3,1,[0.9],True,4,0.675,0.135,0.88,False,0.135,False,False,"[""product_43""]","[""unstructured""]","[""TechNova Smartphone Pro 43 is manufactured by TechNova. It is a smartphone device. The display measures 13.3 inches. Comes with 8GB of RAM. Weighs approximately 1.8kg. Available in green. Built with aluminum construction.""]",0,579,candidate
DEC023_NO_FEEDBACK,train_kb,conservative_noisy_or_conflict_adjusted,3,TechNova Smartphone Pro 1,has_color,green,technova smartphone pro 1|has_color|green,1,[0.9],False,2,0.675,0.675,0.88,False,0.675,False,False,"[""product_43""]","[""unstructured""]","[""TechNova Smartphone Pro 43 is manufactured by TechNova. It is a smartphone device. The display measures 13.3 inches. Comes with 8GB of RAM. Weighs approximately 1.8kg. Available in green. Built with aluminum construction.""]",0,579,candidate
DEC023_NO_FEEDBACK,train_kb,conservative_noisy_or_conflict_adjusted,3,TechNova Smartphone Pro 1,manufactured_by,TechNova,technova smartphone pro 1|manufactured_by|technova,1,[0.9],True,0,0.675,0.675,0.88,False,0.675,False,False,"[""product_43""]","[""unstructured""]","[""TechNova Smartphone Pro 43 is manufactured by TechNova. It is a smartphone device. The display measures 13.3 inches. Comes with 8GB of RAM. Weighs approximately 1.8kg. Available in green. Built with aluminum construction.""]",0,579,candidate
DEC023_NO_FEEDBACK,train_kb,conservative_noisy_or_conflict_adjusted,3,headphones device,has_price_usd,249,headphones device|has_price_usd|249,2,"[0.9, 0.91]",True,0,0.8968125,0.8968125,0.88,True,0.675,True,False,"[""product_44"", ""product_44""]","[""unstructured"", ""unstructured""]","[""It is a headphones device. Priced at 249 USD. The display measures 11.0 inches. Comes with 12GB of RAM. Built with plastic construction. Targeted at the Global market. Fast charging is yes."", ""It is a headphones device. Priced at 249 USD. The display measures 11.0 inches. Comes with 12GB of RAM. Built with plastic construction. Targeted at the Global market. Fast charging is yes.""]",0,579,candidate
DEC023_NO_FEEDBACK,train_kb,conservative_noisy_or_conflict_adjusted,3,headphones device,has_screen_size_inch,11.0,headphones device|has_screen_size_inch|11.0,2,"[0.9, 0.91]",True,1,0.8968125,0.44840625,0.88,False,0.3375,False,False,"[""product_44"", ""product_44""]","[""unstructured"", ""unstructured""]","[""It is a headphones device. Priced at 249 USD. The display measures 11.0 inches. Comes with 12GB of RAM. Built with plastic construction. Targeted at the Global market. Fast charging is yes."", ""It is a headphones device. Priced at 249 USD. The display measures 11.0 inches. Comes with 12GB of RAM. Built with plastic construction. Targeted at the Global market. Fast charging is yes.""]",0,579,candidate
DEC023_NO_FEEDBACK,train_kb,conservative_noisy_or_conflict_adjusted,3,headphones device,has_ram_gb,12,headphones device|has_ram_gb|12,2,"[0.9, 0.91]",True,0,0.8968125,0.8968125,0.88,True,0.675,True,False,"[""product_44"", ""product_44""]","[""unstructured"", ""unstructured""]","[""It is a headphones device. Priced at 249 USD. The display measures 11.0 inches. Comes with 12GB of RAM. Built with plastic construction. Targeted at the Global market. Fast charging is yes."", ""It is a headphones device. Priced at 249 USD. The display measures 11.0 inches. Comes with 12GB of RAM. Built with plastic construction. Targeted at the Global market. Fast charging is yes.""]",0,579,candidate
DEC023_NO_FEEDBACK,train_kb,conservative_noisy_or_conflict_adjusted,3,headphones device,made_of_material,plastic,headphones device|made_of_material|plastic,1,[0.9],True,1,0.675,0.3375,0.88,False,0.3375,False,False,"[""product_44""]","[""unstructured""]","[""It is a headphones device. Priced at 249 USD. The display measures 11.0 inches. Comes with 12GB of RAM. Built with plastic construction. Targeted at the Global market. Fast charging is yes.""]",0,579,candidate
DEC023_NO_FEEDBACK,train_kb,conservative_noisy_or_conflict_adjusted,3,headphones device,target_market_region,Global,headphones device|target_market_region|global,2,"[0.9, 0.91]",True,1,0.8968125,0.44840625,0.88,False,0.3375,False,False,"[""product_44"", ""product_44""]","[""unstructured"", ""unstructured""]","[""It is a headphones device. Priced at 249 USD. The display measures 11.0 inches. Comes with 12GB of RAM. Built with plastic construction. Targeted at the Global market. Fast charging is yes."", ""It is a headphones device. Priced at 249 USD. The display measures 11.0 inches. Comes with 12GB of RAM. Built with plastic construction. Targeted at the Global market. Fast charging is yes.""]",0,579,candidate
DEC023_NO_FEEDBACK,train_kb,conservative_noisy_or_conflict_adjusted,3,headphones device,supports_fast_charging,yes,headphones device|supports_fast_charging|yes,2,"[0.9, 0.91]",True,1,0.8968125,0.44840625,0.88,False,0.3375,False,False,"[""product_44"", ""product_44""]","[""unstructured"", ""unstructured""]","[""It is a headphones device. Priced at 249 USD. The display measures 11.0 inches. Comes with 12GB of RAM. Built with plastic construction. Targeted at the Global market. Fast charging is yes."", ""It is a headphones device. Priced at 249 USD. The display measures 11.0 inches. Comes with 12GB of RAM. Built with plastic construction. Targeted at the Global market. Fast charging is yes.""]",0,579,candidate
DEC023_NO_FEEDBACK,train_kb,conservative_noisy_or_conflict_adjusted,3,Zenbyte Tablet Plus 45,belongs_to_category,tablet device,zenbyte tablet plus 45|belongs_to_category|tablet device,1,[0.9],True,1,0.675,0.3375,0.88,False,0.3375,False,False,"[""product_45""]","[""unstructured""]","[""Zenbyte Tablet Plus 45 is manufactured by Zenbyte. It is a tablet device. The display measures 11.0 inches. Comes with 12GB of RAM. Offers 256GB of internal storage. Built with carbon fiber construction. Fast charging is no.""]",0,579,candidate
DEC023_NO_FEEDBACK,train_kb,conservative_noisy_or_conflict_adjusted,3,It is a laptop device,has_screen_size_inch,15.6,it is a laptop device|has_screen_size_inch|15.6,1,[0.9],True,0,0.675,0.675,0.88,False,0.675,False,False,"[""product_49""]","[""unstructured""]","[""It is a laptop device. Priced at 199 USD. The display measures 15.6 inches. Comes with 6GB of RAM. Battery lasts up to 18 hours. Weighs approximately 1.45kg. Built with carbon fiber construction.""]",0,579,candidate
DEC023_NO_FEEDBACK,train_kb,conservative_noisy_or_conflict_adjusted,3,It is a laptop device,has_price_usd,199,it is a laptop device|has_price_usd|199,1,[0.9],True,0,0.675,0.675,0.88,False,0.675,False,False,"[""product_49""]","[""unstructured""]","[""It is a laptop device. Priced at 199 USD. The display measures 15.6 inches. Comes with 6GB of RAM. Battery lasts up to 18 hours. Weighs approximately 1.45kg. Built with carbon fiber construction.""]",0,579,candidate
DEC023_NO_FEEDBACK,train_kb,conservative_noisy_or_conflict_adjusted,3,It is a laptop device,has_ram_gb,6,it is a laptop device|has_ram_gb|6,1,[0.9],True,0,0.675,0.675,0.88,False,0.675,False,False,"[""product_49""]","[""unstructured""]","[""It is a laptop device. Priced at 199 USD. The display measures 15.6 inches. Comes with 6GB of RAM. Battery lasts up to 18 hours. Weighs approximately 1.45kg. Built with carbon fiber construction.""]",0,579,candidate
DEC023_NO_FEEDBACK,train_kb,conservative_noisy_or_conflict_adjusted,3,It is a laptop device,has_battery_life_hours,18,it is a laptop device|has_battery_life_hours|18,1,[0.9],True,0,0.675,0.675,0.88,False,0.675,False,False,"[""product_49""]","[""unstructured""]","[""It is a laptop device. Priced at 199 USD. The display measures 15.6 inches. Comes with 6GB of RAM. Battery lasts up to 18 hours. Weighs approximately 1.45kg. Built with carbon fiber construction.""]",0,579,candidate
DEC023_NO_FEEDBACK,train_kb,conservative_noisy_or_conflict_adjusted,3,It is a laptop device,has_weight_kg,1.45,it is a laptop device|has_weight_kg|1.45,1,[0.9],True,0,0.675,0.675,0.88,False,0.675,False,False,"[""product_49""]","[""unstructured""]","[""It is a laptop device. Priced at 199 USD. The display measures 15.6 inches. Comes with 6GB of RAM. Battery lasts up to 18 hours. Weighs approximately 1.45kg. Built with carbon fiber construction.""]",0,579,candidate
DEC023_NO_FEEDBACK,train_kb,conservative_noisy_or_conflict_adjusted,3,It is a laptop device,made_of_material,carbon fiber,it is a laptop device|made_of_material|carbon fiber,1,[0.9],True,0,0.675,0.675,0.88,False,0.675,False,False,"[""product_49""]","[""unstructured""]","[""It is a laptop device. Priced at 199 USD. The display measures 15.6 inches. Comes with 6GB of RAM. Battery lasts up to 18 hours. Weighs approximately 1.45kg. Built with carbon fiber construction.""]",0,579,candidate
DEC023_NO_FEEDBACK,train_kb,conservative_noisy_or_conflict_adjusted,3,TechNova Smartphone Pro 1,has_storage_gb,512,technova smartphone pro 1|has_storage_gb|512,1,[0.9],True,3,0.675,0.16875,0.88,False,0.16875,False,False,"[""product_50""]","[""unstructured""]","[""It is a headphones device. Comes with 32GB of RAM. Offers 512GB of internal storage. Battery lasts up to 12 hours. Weighs approximately 1.45kg. Targeted at the EU market. Fast charging is no.""]",0,579,candidate
DEC023_NO_FEEDBACK,train_kb,conservative_noisy_or_conflict_adjusted,3,TechNova Smartphone Pro 1,has_battery_life_hours,12,technova smartphone pro 1|has_battery_life_hours|12,1,[0.9],True,4,0.675,0.135,0.88,False,0.135,False,False,"[""product_50""]","[""unstructured""]","[""It is a headphones device. Comes with 32GB of RAM. Offers 512GB of internal storage. Battery lasts up to 12 hours. Weighs approximately 1.45kg. Targeted at the EU market. Fast charging is no.""]",0,579,candidate
DEC023_NO_FEEDBACK,train_kb,conservative_noisy_or_conflict_adjusted,3,The display measures 6.1 inches.,has_screen_size_inch,6.1,the display measures 6.1 inches.|has_screen_size_inch|6.1,2,"[0.92, 0.92]",True,0,0.9039,0.9039,0.88,True,,True,False,"[""product_28"", ""product_28""]","[""unstructured"", ""unstructured""]","[""The display measures 6.1 inches. Battery lasts up to 18 hours. Weighs approximately 1.8kg. Available in blue. Built with aluminum construction. Targeted at the US market. Fast charging is yes."", ""The display measures 6.1 inches. Battery lasts up to 18 hours. Weighs approximately 1.8kg. Available in blue. Built with aluminum construction. Targeted at the US market. Fast charging is yes.""]",0,579,candidate
DEC023_NO_FEEDBACK,train_kb,conservative_noisy_or_conflict_adjusted,3,Battery lasts up to 18 hours.,has_battery_life_hours,18,battery lasts up to 18 hours.|has_battery_life_hours|18,1,[0.93],True,0,0.6975,0.6975,0.88,False,,False,False,"[""product_28""]","[""unstructured""]","[""The display measures 6.1 inches. Battery lasts up to 18 hours. Weighs approximately 1.8kg. Available in blue. Built with aluminum construction. Targeted at the US market. Fast charging is yes.""]",0,579,candidate
DEC023_NO_FEEDBACK,train_kb,conservative_noisy_or_conflict_adjusted,3,Weighs approximately 1.8kg.,has_weight_kg,1.8,weighs approximately 1.8kg.|has_weight_kg|1.8,1,[0.94],True,0,0.705,0.705,0.88,False,,False,False,"[""product_28""]","[""unstructured""]","[""The display measures 6.1 inches. Battery lasts up to 18 hours. Weighs approximately 1.8kg. Available in blue. Built with aluminum construction. Targeted at the US market. Fast charging is yes.""]",0,579,candidate
DEC023_NO_FEEDBACK,train_kb,conservative_noisy_or_conflict_adjusted,3,Available in blue.,has_color,blue,available in blue.|has_color|blue,1,[0.95],False,0,0.7124999999999999,0.7124999999999999,0.88,False,,False,False,"[""product_28""]","[""unstructured""]","[""The display measures 6.1 inches. Battery lasts up to 18 hours. Weighs approximately 1.8kg. Available in blue. Built with aluminum construction. Targeted at the US market. Fast charging is yes.""]",0,579,candidate
DEC023_NO_FEEDBACK,train_kb,conservative_noisy_or_conflict_adjusted,3,Built with aluminum construction.,made_of_material,aluminum,built with aluminum construction.|made_of_material|aluminum,1,[0.96],True,0,0.72,0.72,0.88,False,,False,False,"[""product_28""]","[""unstructured""]","[""The display measures 6.1 inches. Battery lasts up to 18 hours. Weighs approximately 1.8kg. Available in blue. Built with aluminum construction. Targeted at the US market. Fast charging is yes.""]",0,579,candidate
DEC023_NO_FEEDBACK,train_kb,conservative_noisy_or_conflict_adjusted,3,Targeted at the US market.,target_market_region,US,targeted at the us market.|target_market_region|us,1,[0.96],True,0,0.72,0.72,0.88,False,,False,False,"[""product_28""]","[""unstructured""]","[""The display measures 6.1 inches. Battery lasts up to 18 hours. Weighs approximately 1.8kg. Available in blue. Built with aluminum construction. Targeted at the US market. Fast charging is yes.""]",0,579,candidate
DEC023_NO_FEEDBACK,train_kb,conservative_noisy_or_conflict_adjusted,3,Fast charging is yes.,supports_fast_charging,yes,fast charging is yes.|supports_fast_charging|yes,1,[0.96],True,0,0.72,0.72,0.88,False,,False,False,"[""product_28""]","[""unstructured""]","[""The display measures 6.1 inches. Battery lasts up to 18 hours. Weighs approximately 1.8kg. Available in blue. Built with aluminum construction. Targeted at the US market. Fast charging is yes.""]",0,579,candidate
DEC023_NO_FEEDBACK,train_kb,conservative_noisy_or_conflict_adjusted,3,headphones device,has_storage_gb,256GB,headphones device|has_storage_gb|256gb,1,[0.91],True,2,0.6825,0.2275,0.88,False,,False,False,"[""product_37""]","[""unstructured""]","[""It is a headphones device. Offers 256GB of internal storage. Battery lasts up to 8 hours. Weighs approximately 1.2kg. Available in green. Fast charging is no. Noise cancellation: yes.""]",0,579,candidate
DEC023_NO_FEEDBACK,train_kb,conservative_noisy_or_conflict_adjusted,3,TechNova Smartphone Pro 43,made_of_material,aluminum construction,technova smartphone pro 43|made_of_material|aluminum construction,1,[0.91],True,1,0.6825,0.34125,0.88,False,,False,False,"[""product_43""]","[""unstructured""]","[""TechNova Smartphone Pro 43 is manufactured by TechNova. It is a smartphone device. The display measures 13.3 inches. Comes with 8GB of RAM. Weighs approximately 1.8kg. Available in green. Built with aluminum construction.""]",0,579,candidate
