experiment_id,run_id,prob_kb_version,subject,predicate,object,triple_key,observation_confidence,source_id,source_type,provenance,extractor_version,iteration
DEC023_FULL,train_kb,conservative_noisy_or_conflict_adjusted,TechNova Smartphone Pro 1,has_price_usd,899,technova smartphone pro 1|has_price_usd|899,0.91,product_1,unstructured,It is a tablet device. Priced at 899 USD. Comes with 8GB of RAM. Battery lasts up to 10 hours. Weighs approximately 0.18kg. Available in green. Targeted at the EU market.,unstructured,3
DEC023_FULL,train_kb,conservative_noisy_or_conflict_adjusted,TechNova Smartphone Pro 1,has_ram_gb,8,technova smartphone pro 1|has_ram_gb|8,0.91,product_1,unstructured,It is a tablet device. Priced at 899 USD. Comes with 8GB of RAM. Battery lasts up to 10 hours. Weighs approximately 0.18kg. Available in green. Targeted at the EU market.,unstructured,3
DEC023_FULL,train_kb,conservative_noisy_or_conflict_adjusted,TechNova Smartphone Pro 1,has_battery_life_hours,10,technova smartphone pro 1|has_battery_life_hours|10,0.91,product_1,unstructured,It is a tablet device. Priced at 899 USD. Comes with 8GB of RAM. Battery lasts up to 10 hours. Weighs approximately 0.18kg. Available in green. Targeted at the EU market.,unstructured,3
DEC023_FULL,train_kb,conservative_noisy_or_conflict_adjusted,TechNova Smartphone Pro 1,has_weight_kg,0.18,technova smartphone pro 1|has_weight_kg|0.18,0.91,product_1,unstructured,It is a tablet device. Priced at 899 USD. Comes with 8GB of RAM. Battery lasts up to 10 hours. Weighs approximately 0.18kg. Available in green. Targeted at the EU market.,unstructured,3
DEC023_FULL,train_kb,conservative_noisy_or_conflict_adjusted,TechNova Smartphone Pro 1,has_color,green,technova smartphone pro 1|has_color|green,0.91,product_1,unstructured,It is a tablet device. Priced at 899 USD. Comes with 8GB of RAM. Battery lasts up to 10 hours. Weighs approximately 0.18kg. Available in green. Targeted at the EU market.,unstructured,3
DEC023_FULL,train_kb,conservative_noisy_or_conflict_adjusted,TechNova Smartphone Pro 1,target_market_region,EU,technova smartphone pro 1|target_market_region|eu,0.91,product_1,unstructured,It is a tablet device. Priced at 899 USD. Comes with 8GB of RAM. Battery lasts up to 10 hours. Weighs approximately 0.18kg. Available in green. Targeted at the EU market.,unstructured,3
DEC023_FULL,train_kb,conservative_noisy_or_conflict_adjusted,headphones device,has_price_usd,1299,headphones device|has_price_usd|1299,0.85,product_8,unstructured,It is a headphones device. Priced at 1299 USD. Comes with 8GB of RAM. Battery lasts up to 8 hours. Weighs approximately 1.45kg. Available in black. Fast charging is yes.,unstructured,3
DEC023_FULL,train_kb,conservative_noisy_or_conflict_adjusted,headphones device,has_ram_gb,8,headphones device|has_ram_gb|8,0.85,product_8,unstructured,It is a headphones device. Priced at 1299 USD. Comes with 8GB of RAM. Battery lasts up to 8 hours. Weighs approximately 1.45kg. Available in black. Fast charging is yes.,unstructured,3
DEC023_FULL,train_kb,conservative_noisy_or_conflict_adjusted,headphones device,has_battery_life_hours,8,headphones device|has_battery_life_hours|8,0.85,product_8,unstructured,It is a headphones device. Priced at 1299 USD. Comes with 8GB of RAM. Battery lasts up to 8 hours. Weighs approximately 1.45kg. Available in black. Fast charging is yes.,unstructured,3
DEC023_FULL,train_kb,conservative_noisy_or_conflict_adjusted,headphones device,has_weight_kg,1.45,headphones device|has_weight_kg|1.45,0.85,product_8,unstructured,It is a headphones device. Priced at 1299 USD. Comes with 8GB of RAM. Battery lasts up to 8 hours. Weighs approximately 1.45kg. Available in black. Fast charging is yes.,unstructured,3
DEC023_FULL,train_kb,conservative_noisy_or_conflict_adjusted,headphones device,has_color,black,headphones device|has_color|black,0.85,product_8,unstructured,It is a headphones device. Priced at 1299 USD. Comes with 8GB of RAM. Battery lasts up to 8 hours. Weighs approximately 1.45kg. Available in black. Fast charging is yes.,unstructured,3
DEC023_FULL,train_kb,conservative_noisy_or_conflict_adjusted,headphones device,supports_fast_charging,yes,headphones device|supports_fast_charging|yes,0.85,product_8,unstructured,It is a headphones device. Priced at 1299 USD. Comes with 8GB of RAM. Battery lasts up to 8 hours. Weighs approximately 1.45kg. Available in black. Fast charging is yes.,unstructured,3
DEC023_FULL,train_kb,conservative_noisy_or_conflict_adjusted,TechNova Smartphone Pro 1,has_ram_gb,4,technova smartphone pro 1|has_ram_gb|4,0.91,product_12,unstructured,Priced at 299 USD. The display measures 13.3 inches. Comes with 4GB of RAM. Offers 128GB of internal storage. Battery lasts up to 14 hours. Weighs approximately 1.45kg. Built with aluminum construction.,unstructured,3
DEC023_FULL,train_kb,conservative_noisy_or_conflict_adjusted,TechNova Smartphone Pro 1,has_storage_gb,128,technova smartphone pro 1|has_storage_gb|128,0.91,product_12,unstructured,Priced at 299 USD. The display measures 13.3 inches. Comes with 4GB of RAM. Offers 128GB of internal storage. Battery lasts up to 14 hours. Weighs approximately 1.45kg. Built with aluminum construction.,unstructured,3
DEC023_FULL,train_kb,conservative_noisy_or_conflict_adjusted,TechNova Smartphone Pro 1,has_battery_life_hours,14,technova smartphone pro 1|has_battery_life_hours|14,0.91,product_12,unstructured,Priced at 299 USD. The display measures 13.3 inches. Comes with 4GB of RAM. Offers 128GB of internal storage. Battery lasts up to 14 hours. Weighs approximately 1.45kg. Built with aluminum construction.,unstructured,3
DEC023_FULL,train_kb,conservative_noisy_or_conflict_adjusted,TechNova Smartphone Pro 1,has_weight_kg,1.45,technova smartphone pro 1|has_weight_kg|1.45,0.91,product_12,unstructured,Priced at 299 USD. The display measures 13.3 inches. Comes with 4GB of RAM. Offers 128GB of internal storage. Battery lasts up to 14 hours. Weighs approximately 1.45kg. Built with aluminum construction.,unstructured,3
DEC023_FULL,train_kb,conservative_noisy_or_conflict_adjusted,TechNova Smartphone Pro 1,made_of_material,aluminum,technova smartphone pro 1|made_of_material|aluminum,0.91,product_12,unstructured,Priced at 299 USD. The display measures 13.3 inches. Comes with 4GB of RAM. Offers 128GB of internal storage. Battery lasts up to 14 hours. Weighs approximately 1.45kg. Built with aluminum construction.,unstructured,3
DEC023_FULL,train_kb,conservative_noisy_or_conflict_adjusted,It is a headphones device,belongs_to_category,headphones,it is a headphones device|belongs_to_category|headphones,0.85,product_13,unstructured,It is a headphones device. Comes with 12GB of RAM. Battery lasts up to 14 hours. Weighs approximately 0.42kg. Built with carbon fiber construction. Targeted at the US market. Noise cancellation: no.,unstructured,3
DEC023_FULL,train_kb,conservative_noisy_or_conflict_adjusted,It is a headphones device,manufactured_by,unknown,it is a headphones device|manufactured_by|unknown,0.85,product_13,unstructured,It is a headphones device. Comes with 12GB of RAM. Battery lasts up to 14 hours. Weighs approximately 0.42kg. Built with carbon fiber construction. Targeted at the US market. Noise cancellation: no.,unstructured,3
DEC023_FULL,train_kb,conservative_noisy_or_conflict_adjusted,It is a headphones device,has_ram_gb,12,it is a headphones device|has_ram_gb|12,0.92,product_13,unstructured,It is a headphones device. Comes with 12GB of RAM. Battery lasts up to 14 hours. Weighs approximately 0.42kg. Built with carbon fiber construction. Targeted at the US market. Noise cancellation: no.,unstructured,3
DEC023_FULL,train_kb,conservative_noisy_or_conflict_adjusted,It is a headphones device,has_battery_life_hours,14,it is a headphones device|has_battery_life_hours|14,0.9,product_13,unstructured,It is a headphones device. Comes with 12GB of RAM. Battery lasts up to 14 hours. Weighs approximately 0.42kg. Built with carbon fiber construction. Targeted at the US market. Noise cancellation: no.,unstructured,3
DEC023_FULL,train_kb,conservative_noisy_or_conflict_adjusted,It is a headphones device,has_weight_kg,0.42,it is a headphones device|has_weight_kg|0.42,0.88,product_13,unstructured,It is a headphones device. Comes with 12GB of RAM. Battery lasts up to 14 hours. Weighs approximately 0.42kg. Built with carbon fiber construction. Targeted at the US market. Noise cancellation: no.,unstructured,3
DEC023_FULL,train_kb,conservative_noisy_or_conflict_adjusted,It is a headphones device,made_of_material,carbon fiber,it is a headphones device|made_of_material|carbon fiber,0.89,product_13,unstructured,It is a headphones device. Comes with 12GB of RAM. Battery lasts up to 14 hours. Weighs approximately 0.42kg. Built with carbon fiber construction. Targeted at the US market. Noise cancellation: no.,unstructured,3
DEC023_FULL,train_kb,conservative_noisy_or_conflict_adjusted,It is a headphones device,target_market_region,US,it is a headphones device|target_market_region|us,0.86,product_13,unstructured,It is a headphones device. Comes with 12GB of RAM. Battery lasts up to 14 hours. Weighs approximately 0.42kg. Built with carbon fiber construction. Targeted at the US market. Noise cancellation: no.,unstructured,3
DEC023_FULL,train_kb,conservative_noisy_or_conflict_adjusted,It is a headphones device,supports_fast_charging,no,it is a headphones device|supports_fast_charging|no,0.87,product_13,unstructured,It is a headphones device. Comes with 12GB of RAM. Battery lasts up to 14 hours. Weighs approximately 0.42kg. Built with carbon fiber construction. Targeted at the US market. Noise cancellation: no.,unstructured,3
DEC023_FULL,train_kb,conservative_noisy_or_conflict_adjusted,PixelWare Headphones Lite 23,has_battery_life_hours,8,pixelware headphones lite 23|has_battery_life_hours|8,0.994,product_18,unstructured,It is a smartwatch device. Priced at 199 USD. Battery lasts up to 18 hours. Available in green. Built with carbon fiber construction. Fast charging is yes. Noise cancellation: no.,unstructured,3
DEC023_FULL,train_kb,conservative_noisy_or_conflict_adjusted,PixelWare Headphones Lite 23,has_color,white,pixelware headphones lite 23|has_color|white,0.994,product_18,unstructured,It is a smartwatch device. Priced at 199 USD. Battery lasts up to 18 hours. Available in green. Built with carbon fiber construction. Fast charging is yes. Noise cancellation: no.,unstructured,3
DEC023_FULL,train_kb,conservative_noisy_or_conflict_adjusted,VoltEdge Headphones Pro 47,has_price_usd,349,voltedge headphones pro 47|has_price_usd|349,0.994,product_18,unstructured,It is a smartwatch device. Priced at 199 USD. Battery lasts up to 18 hours. Available in green. Built with carbon fiber construction. Fast charging is yes. Noise cancellation: no.,unstructured,3
DEC023_FULL,train_kb,conservative_noisy_or_conflict_adjusted,VoltEdge Headphones Pro 47,has_screen_size_inch,14.0,voltedge headphones pro 47|has_screen_size_inch|14.0,0.994,product_18,unstructured,It is a smartwatch device. Priced at 199 USD. Battery lasts up to 18 hours. Available in green. Built with carbon fiber construction. Fast charging is yes. Noise cancellation: no.,unstructured,3
DEC023_FULL,train_kb,conservative_noisy_or_conflict_adjusted,PixelWare Headphones Lite 23,has_storage_gb,256,pixelware headphones lite 23|has_storage_gb|256,0.994,product_18,unstructured,It is a smartwatch device. Priced at 199 USD. Battery lasts up to 18 hours. Available in green. Built with carbon fiber construction. Fast charging is yes. Noise cancellation: no.,unstructured,3
DEC023_FULL,train_kb,conservative_noisy_or_conflict_adjusted,PixelWare Headphones Lite 23,has_weight_kg,0.18,pixelware headphones lite 23|has_weight_kg|0.18,0.994,product_18,unstructured,It is a smartwatch device. Priced at 199 USD. Battery lasts up to 18 hours. Available in green. Built with carbon fiber construction. Fast charging is yes. Noise cancellation: no.,unstructured,3
DEC023_FULL,train_kb,conservative_noisy_or_conflict_adjusted,VoltEdge Headphones Pro 47,has_weight_kg,1.45,voltedge headphones pro 47|has_weight_kg|1.45,0.994,product_18,unstructured,It is a smartwatch device. Priced at 199 USD. Battery lasts up to 18 hours. Available in green. Built with carbon fiber construction. Fast charging is yes. Noise cancellation: no.,unstructured,3
DEC023_FULL,train_kb,conservative_noisy_or_conflict_adjusted,PixelWare Headphones Lite 23,made_of_material,plastic,pixelware headphones lite 23|made_of_material|plastic,0.994,product_18,unstructured,It is a smartwatch device. Priced at 199 USD. Battery lasts up to 18 hours. Available in green. Built with carbon fiber construction. Fast charging is yes. Noise cancellation: no.,unstructured,3
DEC023_FULL,train_kb,conservative_noisy_or_conflict_adjusted,VoltEdge Headphones Pro 47,made_of_material,plastic,voltedge headphones pro 47|made_of_material|plastic,0.994,product_18,unstructured,It is a smartwatch device. Priced at 199 USD. Battery lasts up to 18 hours. Available in green. Built with carbon fiber construction. Fast charging is yes. Noise cancellation: no.,unstructured,3
DEC023_FULL,train_kb,conservative_noisy_or_conflict_adjusted,VoltEdge Headphones Pro 47,manufactured_by,VoltEdge,voltedge headphones pro 47|manufactured_by|voltedge,0.994,product_18,unstructured,It is a smartwatch device. Priced at 199 USD. Battery lasts up to 18 hours. Available in green. Built with carbon fiber construction. Fast charging is yes. Noise cancellation: no.,unstructured,3
DEC023_FULL,train_kb,conservative_noisy_or_conflict_adjusted,TechNova Smartphone Pro 1,has_ram_gb,8,technova smartphone pro 1|has_ram_gb|8,0.91,product_20,unstructured,Comes with 8GB of RAM. Offers 512GB of internal storage. Battery lasts up to 24 hours. Weighs approximately 0.42kg. Available in silver. Built with aluminum construction. Targeted at the US market.,unstructured,3
DEC023_FULL,train_kb,conservative_noisy_or_conflict_adjusted,TechNova Smartphone Pro 1,has_storage_gb,512,technova smartphone pro 1|has_storage_gb|512,0.91,product_20,unstructured,Comes with 8GB of RAM. Offers 512GB of internal storage. Battery lasts up to 24 hours. Weighs approximately 0.42kg. Available in silver. Built with aluminum construction. Targeted at the US market.,unstructured,3
DEC023_FULL,train_kb,conservative_noisy_or_conflict_adjusted,TechNova Smartphone Pro 1,has_battery_life_hours,24,technova smartphone pro 1|has_battery_life_hours|24,0.91,product_20,unstructured,Comes with 8GB of RAM. Offers 512GB of internal storage. Battery lasts up to 24 hours. Weighs approximately 0.42kg. Available in silver. Built with aluminum construction. Targeted at the US market.,unstructured,3
DEC023_FULL,train_kb,conservative_noisy_or_conflict_adjusted,TechNova Smartphone Pro 1,has_weight_kg,0.42,technova smartphone pro 1|has_weight_kg|0.42,0.91,product_20,unstructured,Comes with 8GB of RAM. Offers 512GB of internal storage. Battery lasts up to 24 hours. Weighs approximately 0.42kg. Available in silver. Built with aluminum construction. Targeted at the US market.,unstructured,3
DEC023_FULL,train_kb,conservative_noisy_or_conflict_adjusted,TechNova Smartphone Pro 1,has_color,silver,technova smartphone pro 1|has_color|silver,0.91,product_20,unstructured,Comes with 8GB of RAM. Offers 512GB of internal storage. Battery lasts up to 24 hours. Weighs approximately 0.42kg. Available in silver. Built with aluminum construction. Targeted at the US market.,unstructured,3
DEC023_FULL,train_kb,conservative_noisy_or_conflict_adjusted,TechNova Smartphone Pro 1,made_of_material,aluminum,technova smartphone pro 1|made_of_material|aluminum,0.91,product_20,unstructured,Comes with 8GB of RAM. Offers 512GB of internal storage. Battery lasts up to 24 hours. Weighs approximately 0.42kg. Available in silver. Built with aluminum construction. Targeted at the US market.,unstructured,3
DEC023_FULL,train_kb,conservative_noisy_or_conflict_adjusted,TechNova Smartphone Pro 1,target_market_region,US,technova smartphone pro 1|target_market_region|us,0.91,product_20,unstructured,Comes with 8GB of RAM. Offers 512GB of internal storage. Battery lasts up to 24 hours. Weighs approximately 0.42kg. Available in silver. Built with aluminum construction. Targeted at the US market.,unstructured,3
DEC023_FULL,train_kb,conservative_noisy_or_conflict_adjusted,The display measures 6.1 inches.,has_screen_size_inch,6.1,the display measures 6.1 inches.|has_screen_size_inch|6.1,0.91,product_22,unstructured,The display measures 6.1 inches. Comes with 16GB of RAM. Weighs approximately 0.55kg. Available in silver. Built with plastic construction. Targeted at the US market. Fast charging is yes.,unstructured,3
DEC023_FULL,train_kb,conservative_noisy_or_conflict_adjusted,The display measures 6.1 inches.,has_screen_size_inch,6.1,the display measures 6.1 inches.|has_screen_size_inch|6.1,0.91,product_22,unstructured,The display measures 6.1 inches. Comes with 16GB of RAM. Weighs approximately 0.55kg. Available in silver. Built with plastic construction. Targeted at the US market. Fast charging is yes.,unstructured,3
DEC023_FULL,train_kb,conservative_noisy_or_conflict_adjusted,Comes with 16GB of RAM.,has_ram_gb,16,comes with 16gb of ram.|has_ram_gb|16,0.91,product_22,unstructured,The display measures 6.1 inches. Comes with 16GB of RAM. Weighs approximately 0.55kg. Available in silver. Built with plastic construction. Targeted at the US market. Fast charging is yes.,unstructured,3
DEC023_FULL,train_kb,conservative_noisy_or_conflict_adjusted,Comes with 16GB of RAM.,has_ram_gb,16,comes with 16gb of ram.|has_ram_gb|16,0.91,product_22,unstructured,The display measures 6.1 inches. Comes with 16GB of RAM. Weighs approximately 0.55kg. Available in silver. Built with plastic construction. Targeted at the US market. Fast charging is yes.,unstructured,3
DEC023_FULL,train_kb,conservative_noisy_or_conflict_adjusted,Weighs approximately 0.55kg.,has_weight_kg,0.55,weighs approximately 0.55kg.|has_weight_kg|0.55,0.91,product_22,unstructured,The display measures 6.1 inches. Comes with 16GB of RAM. Weighs approximately 0.55kg. Available in silver. Built with plastic construction. Targeted at the US market. Fast charging is yes.,unstructured,3
DEC023_FULL,train_kb,conservative_noisy_or_conflict_adjusted,Weighs approximately 0.55kg.,has_weight_kg,0.55,weighs approximately 0.55kg.|has_weight_kg|0.55,0.91,product_22,unstructured,The display measures 6.1 inches. Comes with 16GB of RAM. Weighs approximately 0.55kg. Available in silver. Built with plastic construction. Targeted at the US market. Fast charging is yes.,unstructured,3
DEC023_FULL,train_kb,conservative_noisy_or_conflict_adjusted,Available in silver.,has_color,silver,available in silver.|has_color|silver,0.91,product_22,unstructured,The display measures 6.1 inches. Comes with 16GB of RAM. Weighs approximately 0.55kg. Available in silver. Built with plastic construction. Targeted at the US market. Fast charging is yes.,unstructured,3
DEC023_FULL,train_kb,conservative_noisy_or_conflict_adjusted,Built with plastic construction.,made_of_material,plastic,built with plastic construction.|made_of_material|plastic,0.91,product_22,unstructured,The display measures 6.1 inches. Comes with 16GB of RAM. Weighs approximately 0.55kg. Available in silver. Built with plastic construction. Targeted at the US market. Fast charging is yes.,unstructured,3
DEC023_FULL,train_kb,conservative_noisy_or_conflict_adjusted,Targeted at the US market.,target_market_region,US,targeted at the us market.|target_market_region|us,0.91,product_22,unstructured,The display measures 6.1 inches. Comes with 16GB of RAM. Weighs approximately 0.55kg. Available in silver. Built with plastic construction. Targeted at the US market. Fast charging is yes.,unstructured,3
DEC023_FULL,train_kb,conservative_noisy_or_conflict_adjusted,Fast charging is yes.,supports_fast_charging,yes,fast charging is yes.|supports_fast_charging|yes,0.91,product_22,unstructured,The display measures 6.1 inches. Comes with 16GB of RAM. Weighs approximately 0.55kg. Available in silver. Built with plastic construction. Targeted at the US market. Fast charging is yes.,unstructured,3
DEC023_FULL,train_kb,conservative_noisy_or_conflict_adjusted,TechNova Tablet Pro 25,manufactured_by,TechNova,technova tablet pro 25|manufactured_by|technova,0.85,product_25,unstructured,TechNova Tablet Pro 25 is manufactured by TechNova. It is a tablet device. The display measures 15.6 inches. Comes with 6GB of RAM. Battery lasts up to 14 hours. Available in blue. Noise cancellation: no.,unstructured,3
DEC023_FULL,train_kb,conservative_noisy_or_conflict_adjusted,TechNova Tablet Pro 25,has_screen_size_inch,15.6,technova tablet pro 25|has_screen_size_inch|15.6,0.85,product_25,unstructured,TechNova Tablet Pro 25 is manufactured by TechNova. It is a tablet device. The display measures 15.6 inches. Comes with 6GB of RAM. Battery lasts up to 14 hours. Available in blue. Noise cancellation: no.,unstructured,3
DEC023_FULL,train_kb,conservative_noisy_or_conflict_adjusted,TechNova Tablet Pro 25,has_ram_gb,6,technova tablet pro 25|has_ram_gb|6,0.85,product_25,unstructured,TechNova Tablet Pro 25 is manufactured by TechNova. It is a tablet device. The display measures 15.6 inches. Comes with 6GB of RAM. Battery lasts up to 14 hours. Available in blue. Noise cancellation: no.,unstructured,3
DEC023_FULL,train_kb,conservative_noisy_or_conflict_adjusted,TechNova Tablet Pro 25,has_battery_life_hours,14,technova tablet pro 25|has_battery_life_hours|14,0.85,product_25,unstructured,TechNova Tablet Pro 25 is manufactured by TechNova. It is a tablet device. The display measures 15.6 inches. Comes with 6GB of RAM. Battery lasts up to 14 hours. Available in blue. Noise cancellation: no.,unstructured,3
DEC023_FULL,train_kb,conservative_noisy_or_conflict_adjusted,TechNova Tablet Pro 25,has_color,blue,technova tablet pro 25|has_color|blue,0.85,product_25,unstructured,TechNova Tablet Pro 25 is manufactured by TechNova. It is a tablet device. The display measures 15.6 inches. Comes with 6GB of RAM. Battery lasts up to 14 hours. Available in blue. Noise cancellation: no.,unstructured,3
DEC023_FULL,train_kb,conservative_noisy_or_conflict_adjusted,TechNova Tablet Pro 25,has_noise_cancellation,no,technova tablet pro 25|has_noise_cancellation|no,0.85,product_25,unstructured,TechNova Tablet Pro 25 is manufactured by TechNova. It is a tablet device. The display measures 15.6 inches. Comes with 6GB of RAM. Battery lasts up to 14 hours. Available in blue. Noise cancellation: no.,unstructured,3
DEC023_FULL,train_kb,conservative_noisy_or_conflict_adjusted,Auralex Smartwatch Pro 28,manufactured_by,Auralex,auralex smartwatch pro 28|manufactured_by|auralex,0.91,product_28,unstructured,Auralex Smartwatch Pro 28 is manufactured by Auralex. The display measures 6.7 inches. Offers 256GB of internal storage. Weighs approximately 0.18kg. Available in black. Targeted at the EU market. Fast charging is no.,unstructured,3
DEC023_FULL,train_kb,conservative_noisy_or_conflict_adjusted,Auralex Smartwatch Pro 28,has_screen_size_inch,6.7,auralex smartwatch pro 28|has_screen_size_inch|6.7,0.91,product_28,unstructured,Auralex Smartwatch Pro 28 is manufactured by Auralex. The display measures 6.7 inches. Offers 256GB of internal storage. Weighs approximately 0.18kg. Available in black. Targeted at the EU market. Fast charging is no.,unstructured,3
DEC023_FULL,train_kb,conservative_noisy_or_conflict_adjusted,Auralex Smartwatch Pro 28,has_storage_gb,256,auralex smartwatch pro 28|has_storage_gb|256,0.91,product_28,unstructured,Auralex Smartwatch Pro 28 is manufactured by Auralex. The display measures 6.7 inches. Offers 256GB of internal storage. Weighs approximately 0.18kg. Available in black. Targeted at the EU market. Fast charging is no.,unstructured,3
DEC023_FULL,train_kb,conservative_noisy_or_conflict_adjusted,Auralex Smartwatch Pro 28,has_weight_kg,0.18,auralex smartwatch pro 28|has_weight_kg|0.18,0.91,product_28,unstructured,Auralex Smartwatch Pro 28 is manufactured by Auralex. The display measures 6.7 inches. Offers 256GB of internal storage. Weighs approximately 0.18kg. Available in black. Targeted at the EU market. Fast charging is no.,unstructured,3
DEC023_FULL,train_kb,conservative_noisy_or_conflict_adjusted,Auralex Smartwatch Pro 28,has_color,black,auralex smartwatch pro 28|has_color|black,0.91,product_28,unstructured,Auralex Smartwatch Pro 28 is manufactured by Auralex. The display measures 6.7 inches. Offers 256GB of internal storage. Weighs approximately 0.18kg. Available in black. Targeted at the EU market. Fast charging is no.,unstructured,3
DEC023_FULL,train_kb,conservative_noisy_or_conflict_adjusted,Auralex Smartwatch Pro 28,target_market_region,EU,auralex smartwatch pro 28|target_market_region|eu,0.91,product_28,unstructured,Auralex Smartwatch Pro 28 is manufactured by Auralex. The display measures 6.7 inches. Offers 256GB of internal storage. Weighs approximately 0.18kg. Available in black. Targeted at the EU market. Fast charging is no.,unstructured,3
DEC023_FULL,train_kb,conservative_noisy_or_conflict_adjusted,Auralex Smartwatch Pro 28,supports_fast_charging,no,auralex smartwatch pro 28|supports_fast_charging|no,0.91,product_28,unstructured,Auralex Smartwatch Pro 28 is manufactured by Auralex. The display measures 6.7 inches. Offers 256GB of internal storage. Weighs approximately 0.18kg. Available in black. Targeted at the EU market. Fast charging is no.,unstructured,3
DEC023_FULL,train_kb,conservative_noisy_or_conflict_adjusted,TechNova Smartwatch Lite 31,manufactured_by,TechNova,technova smartwatch lite 31|manufactured_by|technova,0.95,product_31,unstructured,TechNova Smartwatch Lite 31 is manufactured by TechNova. It is a smartwatch device. The display measures 15.6 inches. Offers 64GB of internal storage. Weighs approximately 0.23kg. Targeted at the Global market. Noise cancellation: no.,unstructured,3
DEC023_FULL,train_kb,conservative_noisy_or_conflict_adjusted,TechNova Smartwatch Lite 31,has_screen_size_inch,15.6,technova smartwatch lite 31|has_screen_size_inch|15.6,0.95,product_31,unstructured,TechNova Smartwatch Lite 31 is manufactured by TechNova. It is a smartwatch device. The display measures 15.6 inches. Offers 64GB of internal storage. Weighs approximately 0.23kg. Targeted at the Global market. Noise cancellation: no.,unstructured,3
DEC023_FULL,train_kb,conservative_noisy_or_conflict_adjusted,TechNova Smartwatch Lite 31,has_storage_gb,64,technova smartwatch lite 31|has_storage_gb|64,0.95,product_31,unstructured,TechNova Smartwatch Lite 31 is manufactured by TechNova. It is a smartwatch device. The display measures 15.6 inches. Offers 64GB of internal storage. Weighs approximately 0.23kg. Targeted at the Global market. Noise cancellation: no.,unstructured,3
DEC023_FULL,train_kb,conservative_noisy_or_conflict_adjusted,TechNova Smartwatch Lite 31,has_weight_kg,0.23,technova smartwatch lite 31|has_weight_kg|0.23,0.95,product_31,unstructured,TechNova Smartwatch Lite 31 is manufactured by TechNova. It is a smartwatch device. The display measures 15.6 inches. Offers 64GB of internal storage. Weighs approximately 0.23kg. Targeted at the Global market. Noise cancellation: no.,unstructured,3
DEC023_FULL,train_kb,conservative_noisy_or_conflict_adjusted,TechNova Smartwatch Lite 31,target_market_region,Global,technova smartwatch lite 31|target_market_region|global,0.95,product_31,unstructured,TechNova Smartwatch Lite 31 is manufactured by TechNova. It is a smartwatch device. The display measures 15.6 inches. Offers 64GB of internal storage. Weighs approximately 0.23kg. Targeted at the Global market. Noise cancellation: no.,unstructured,3
DEC023_FULL,train_kb,conservative_noisy_or_conflict_adjusted,TechNova Smartwatch Lite 31,supports_fast_charging,no,technova smartwatch lite 31|supports_fast_charging|no,0.95,product_31,unstructured,TechNova Smartwatch Lite 31 is manufactured by TechNova. It is a smartwatch device. The display measures 15.6 inches. Offers 64GB of internal storage. Weighs approximately 0.23kg. Targeted at the Global market. Noise cancellation: no.,unstructured,3
DEC023_FULL,train_kb,conservative_noisy_or_conflict_adjusted,TechNova Smartphone Pro 1,has_ram_gb,12,technova smartphone pro 1|has_ram_gb|12,0.85,product_32,unstructured,Priced at 199 USD. The display measures 14.0 inches. Comes with 12GB of RAM. Offers 64GB of internal storage. Built with aluminum construction. Targeted at the EU market. Fast charging is no.,unstructured,3
DEC023_FULL,train_kb,conservative_noisy_or_conflict_adjusted,TechNova Smartphone Pro 1,has_storage_gb,64,technova smartphone pro 1|has_storage_gb|64,0.85,product_32,unstructured,Priced at 199 USD. The display measures 14.0 inches. Comes with 12GB of RAM. Offers 64GB of internal storage. Built with aluminum construction. Targeted at the EU market. Fast charging is no.,unstructured,3
DEC023_FULL,train_kb,conservative_noisy_or_conflict_adjusted,TechNova Smartphone Pro 1,made_of_material,aluminum,technova smartphone pro 1|made_of_material|aluminum,0.85,product_32,unstructured,Priced at 199 USD. The display measures 14.0 inches. Comes with 12GB of RAM. Offers 64GB of internal storage. Built with aluminum construction. Targeted at the EU market. Fast charging is no.,unstructured,3
DEC023_FULL,train_kb,conservative_noisy_or_conflict_adjusted,TechNova Smartphone Pro 1,target_market_region,EU,technova smartphone pro 1|target_market_region|eu,0.85,product_32,unstructured,Priced at 199 USD. The display measures 14.0 inches. Comes with 12GB of RAM. Offers 64GB of internal storage. Built with aluminum construction. Targeted at the EU market. Fast charging is no.,unstructured,3
DEC023_FULL,train_kb,conservative_noisy_or_conflict_adjusted,TechNova Smartphone Pro 1,supports_fast_charging,no,technova smartphone pro 1|supports_fast_charging|no,0.85,product_32,unstructured,Priced at 199 USD. The display measures 14.0 inches. Comes with 12GB of RAM. Offers 64GB of internal storage. Built with aluminum construction. Targeted at the EU market. Fast charging is no.,unstructured,3
DEC023_FULL,train_kb,conservative_noisy_or_conflict_adjusted,Headphones,has_noise_cancellation,no,headphones|has_noise_cancellation|no,0.85,product_36,unstructured,Priced at 899 USD. The display measures 6.1 inches. Battery lasts up to 20 hours. Available in white. Targeted at the Global market. Fast charging is no. Noise cancellation: no.,unstructured,3
DEC023_FULL,train_kb,conservative_noisy_or_conflict_adjusted,Headphones,has_battery_life_hours,20,headphones|has_battery_life_hours|20,0.85,product_36,unstructured,Priced at 899 USD. The display measures 6.1 inches. Battery lasts up to 20 hours. Available in white. Targeted at the Global market. Fast charging is no. Noise cancellation: no.,unstructured,3
DEC023_FULL,train_kb,conservative_noisy_or_conflict_adjusted,Headphones,has_screen_size_inch,6.1,headphones|has_screen_size_inch|6.1,0.85,product_36,unstructured,Priced at 899 USD. The display measures 6.1 inches. Battery lasts up to 20 hours. Available in white. Targeted at the Global market. Fast charging is no. Noise cancellation: no.,unstructured,3
DEC023_FULL,train_kb,conservative_noisy_or_conflict_adjusted,Headphones,has_price_usd,899,headphones|has_price_usd|899,0.85,product_36,unstructured,Priced at 899 USD. The display measures 6.1 inches. Battery lasts up to 20 hours. Available in white. Targeted at the Global market. Fast charging is no. Noise cancellation: no.,unstructured,3
DEC023_FULL,train_kb,conservative_noisy_or_conflict_adjusted,Headphones,has_color,white,headphones|has_color|white,0.85,product_36,unstructured,Priced at 899 USD. The display measures 6.1 inches. Battery lasts up to 20 hours. Available in white. Targeted at the Global market. Fast charging is no. Noise cancellation: no.,unstructured,3
DEC023_FULL,train_kb,conservative_noisy_or_conflict_adjusted,Headphones,target_market_region,Global,headphones|target_market_region|global,0.85,product_36,unstructured,Priced at 899 USD. The display measures 6.1 inches. Battery lasts up to 20 hours. Available in white. Targeted at the Global market. Fast charging is no. Noise cancellation: no.,unstructured,3
DEC023_FULL,train_kb,conservative_noisy_or_conflict_adjusted,Headphones,supports_fast_charging,no,headphones|supports_fast_charging|no,0.85,product_36,unstructured,Priced at 899 USD. The display measures 6.1 inches. Battery lasts up to 20 hours. Available in white. Targeted at the Global market. Fast charging is no. Noise cancellation: no.,unstructured,3
DEC023_FULL,train_kb,conservative_noisy_or_conflict_adjusted,TechNova Smartphone Pro 1,has_price_usd,699,technova smartphone pro 1|has_price_usd|699,0.91,product_39,unstructured,Priced at 699 USD. Offers 512GB of internal storage. Weighs approximately 1.8kg. Built with aluminum construction. Targeted at the US market. Fast charging is yes. Noise cancellation: no.,unstructured,3
DEC023_FULL,train_kb,conservative_noisy_or_conflict_adjusted,TechNova Smartphone Pro 1,has_storage_gb,512,technova smartphone pro 1|has_storage_gb|512,0.91,product_39,unstructured,Priced at 699 USD. Offers 512GB of internal storage. Weighs approximately 1.8kg. Built with aluminum construction. Targeted at the US market. Fast charging is yes. Noise cancellation: no.,unstructured,3
DEC023_FULL,train_kb,conservative_noisy_or_conflict_adjusted,TechNova Smartphone Pro 1,has_weight_kg,1.8,technova smartphone pro 1|has_weight_kg|1.8,0.91,product_39,unstructured,Priced at 699 USD. Offers 512GB of internal storage. Weighs approximately 1.8kg. Built with aluminum construction. Targeted at the US market. Fast charging is yes. Noise cancellation: no.,unstructured,3
DEC023_FULL,train_kb,conservative_noisy_or_conflict_adjusted,TechNova Smartphone Pro 1,made_of_material,aluminum,technova smartphone pro 1|made_of_material|aluminum,0.91,product_39,unstructured,Priced at 699 USD. Offers 512GB of internal storage. Weighs approximately 1.8kg. Built with aluminum construction. Targeted at the US market. Fast charging is yes. Noise cancellation: no.,unstructured,3
DEC023_FULL,train_kb,conservative_noisy_or_conflict_adjusted,TechNova Smartphone Pro 1,target_market_region,US,technova smartphone pro 1|target_market_region|us,0.91,product_39,unstructured,Priced at 699 USD. Offers 512GB of internal storage. Weighs approximately 1.8kg. Built with aluminum construction. Targeted at the US market. Fast charging is yes. Noise cancellation: no.,unstructured,3
DEC023_FULL,train_kb,conservative_noisy_or_conflict_adjusted,TechNova Smartphone Pro 1,supports_fast_charging,yes,technova smartphone pro 1|supports_fast_charging|yes,0.91,product_39,unstructured,Priced at 699 USD. Offers 512GB of internal storage. Weighs approximately 1.8kg. Built with aluminum construction. Targeted at the US market. Fast charging is yes. Noise cancellation: no.,unstructured,3
DEC023_FULL,train_kb,conservative_noisy_or_conflict_adjusted,TechNova Smartphone Pro 1,has_noise_cancellation,no,technova smartphone pro 1|has_noise_cancellation|no,0.91,product_39,unstructured,Priced at 699 USD. Offers 512GB of internal storage. Weighs approximately 1.8kg. Built with aluminum construction. Targeted at the US market. Fast charging is yes. Noise cancellation: no.,unstructured,3
DEC023_FULL,train_kb,conservative_noisy_or_conflict_adjusted,TechNova Smartphone Pro 1,has_ram_gb,6,technova smartphone pro 1|has_ram_gb|6,0.91,product_40,unstructured,The display measures 6.1 inches. Comes with 6GB of RAM. Offers 512GB of internal storage. Weighs approximately 0.18kg. Available in green. Built with carbon fiber construction. Targeted at the APAC market.,unstructured,3
DEC023_FULL,train_kb,conservative_noisy_or_conflict_adjusted,TechNova Smartphone Pro 1,has_storage_gb,512,technova smartphone pro 1|has_storage_gb|512,0.91,product_40,unstructured,The display measures 6.1 inches. Comes with 6GB of RAM. Offers 512GB of internal storage. Weighs approximately 0.18kg. Available in green. Built with carbon fiber construction. Targeted at the APAC market.,unstructured,3
DEC023_FULL,train_kb,conservative_noisy_or_conflict_adjusted,TechNova Smartphone Pro 1,has_weight_kg,0.18,technova smartphone pro 1|has_weight_kg|0.18,0.91,product_40,unstructured,The display measures 6.1 inches. Comes with 6GB of RAM. Offers 512GB of internal storage. Weighs approximately 0.18kg. Available in green. Built with carbon fiber construction. Targeted at the APAC market.,unstructured,3
DEC023_FULL,train_kb,conservative_noisy_or_conflict_adjusted,TechNova Smartphone Pro 1,has_screen_size_inch,6.1,technova smartphone pro 1|has_screen_size_inch|6.1,0.91,product_40,unstructured,The display measures 6.1 inches. Comes with 6GB of RAM. Offers 512GB of internal storage. Weighs approximately 0.18kg. Available in green. Built with carbon fiber construction. Targeted at the APAC market.,unstructured,3
DEC023_FULL,train_kb,conservative_noisy_or_conflict_adjusted,TechNova Smartphone Pro 1,has_color,green,technova smartphone pro 1|has_color|green,0.91,product_40,unstructured,The display measures 6.1 inches. Comes with 6GB of RAM. Offers 512GB of internal storage. Weighs approximately 0.18kg. Available in green. Built with carbon fiber construction. Targeted at the APAC market.,unstructured,3
DEC023_FULL,train_kb,conservative_noisy_or_conflict_adjusted,TechNova Smartphone Pro 1,made_of_material,carbon fiber,technova smartphone pro 1|made_of_material|carbon fiber,0.91,product_40,unstructured,The display measures 6.1 inches. Comes with 6GB of RAM. Offers 512GB of internal storage. Weighs approximately 0.18kg. Available in green. Built with carbon fiber construction. Targeted at the APAC market.,unstructured,3
DEC023_FULL,train_kb,conservative_noisy_or_conflict_adjusted,TechNova Smartphone Pro 1,target_market_region,APAC,technova smartphone pro 1|target_market_region|apac,0.91,product_40,unstructured,The display measures 6.1 inches. Comes with 6GB of RAM. Offers 512GB of internal storage. Weighs approximately 0.18kg. Available in green. Built with carbon fiber construction. Targeted at the APAC market.,unstructured,3
DEC023_FULL,train_kb,conservative_noisy_or_conflict_adjusted,It is a smartwatch device,belongs_to_category,smartwatch,it is a smartwatch device|belongs_to_category|smartwatch,0.91,product_45,unstructured,It is a smartwatch device. Priced at 249 USD. Comes with 6GB of RAM. Battery lasts up to 12 hours. Weighs approximately 1.8kg. Targeted at the US market. Fast charging is no.,unstructured,3
DEC023_FULL,train_kb,conservative_noisy_or_conflict_adjusted,It is a smartwatch device,target_market_region,US,it is a smartwatch device|target_market_region|us,0.91,product_45,unstructured,It is a smartwatch device. Priced at 249 USD. Comes with 6GB of RAM. Battery lasts up to 12 hours. Weighs approximately 1.8kg. Targeted at the US market. Fast charging is no.,unstructured,3
DEC023_FULL,train_kb,conservative_noisy_or_conflict_adjusted,It is a smartwatch device,has_weight_kg,1.8,it is a smartwatch device|has_weight_kg|1.8,0.91,product_45,unstructured,It is a smartwatch device. Priced at 249 USD. Comes with 6GB of RAM. Battery lasts up to 12 hours. Weighs approximately 1.8kg. Targeted at the US market. Fast charging is no.,unstructured,3
DEC023_FULL,train_kb,conservative_noisy_or_conflict_adjusted,Priced at 249 USD,has_price_usd,249,priced at 249 usd|has_price_usd|249,0.91,product_45,unstructured,It is a smartwatch device. Priced at 249 USD. Comes with 6GB of RAM. Battery lasts up to 12 hours. Weighs approximately 1.8kg. Targeted at the US market. Fast charging is no.,unstructured,3
DEC023_FULL,train_kb,conservative_noisy_or_conflict_adjusted,Priced at 249 USD,belongs_to_category,price,priced at 249 usd|belongs_to_category|price,0.91,product_45,unstructured,It is a smartwatch device. Priced at 249 USD. Comes with 6GB of RAM. Battery lasts up to 12 hours. Weighs approximately 1.8kg. Targeted at the US market. Fast charging is no.,unstructured,3
DEC023_FULL,train_kb,conservative_noisy_or_conflict_adjusted,Comes with 6GB of RAM,has_ram_gb,6,comes with 6gb of ram|has_ram_gb|6,0.91,product_45,unstructured,It is a smartwatch device. Priced at 249 USD. Comes with 6GB of RAM. Battery lasts up to 12 hours. Weighs approximately 1.8kg. Targeted at the US market. Fast charging is no.,unstructured,3
DEC023_FULL,train_kb,conservative_noisy_or_conflict_adjusted,Battery lasts up to 12 hours,has_battery_life_hours,12,battery lasts up to 12 hours|has_battery_life_hours|12,0.91,product_45,unstructured,It is a smartwatch device. Priced at 249 USD. Comes with 6GB of RAM. Battery lasts up to 12 hours. Weighs approximately 1.8kg. Targeted at the US market. Fast charging is no.,unstructured,3
DEC023_FULL,train_kb,conservative_noisy_or_conflict_adjusted,Fast charging is no,supports_fast_charging,no,fast charging is no|supports_fast_charging|no,0.91,product_45,unstructured,It is a smartwatch device. Priced at 249 USD. Comes with 6GB of RAM. Battery lasts up to 12 hours. Weighs approximately 1.8kg. Targeted at the US market. Fast charging is no.,unstructured,3
DEC023_FULL,train_kb,conservative_noisy_or_conflict_adjusted,TechNova Smartphone Pro 1,has_ram_gb,16,technova smartphone pro 1|has_ram_gb|16,0.91,product_48,unstructured,Priced at 199 USD. The display measures 13.3 inches. Comes with 16GB of RAM. Battery lasts up to 10 hours. Targeted at the APAC market. Fast charging is yes. Noise cancellation: no.,unstructured,3
